gen 5:
main error = 333041897305.68665 

table:
+---------+-------------------------------------------------------------------+------------------------+
|  s.no   |                            Population                             | Population main Errors |
+---------+-------------------------------------------------------------------+------------------------+
| Parent0 | [[ 0.00000000e+00 -1.46625284e-12 -2.24085835e-13  4.62010753e-11 |   333041897305.68665   |
|         |   -1.75214813e-10 -1.68101511e-15  8.62234007e-16  2.29450648e-05 |                        |
|         |          -1.89074698e-06 -1.74609920e-08  9.44323243e-10]]        |                        |
| Parent1 | [[ 0.00000000e+00 -1.54638186e-12 -2.33421823e-13  5.07168606e-11 |   337440321038.0802    |
|         |   -1.76138016e-10 -1.66108276e-15  8.52944060e-16  2.42739280e-05 |                        |
|         |          -2.04268860e-06 -1.53510570e-08  9.59137336e-10]]        |                        |
| Parent2 | [[ 0.00000000e+00 -1.54681571e-12 -2.14234102e-13  4.65044936e-11 |   519654794146.2656    |
|         |   -1.77609412e-10 -1.52316834e-15  9.44571965e-16  2.31224719e-05 |                        |
|         |          -1.89074698e-06 -1.42739834e-08  8.64586176e-10]]        |                        |
| Parent3 | [[ 0.00000000e+00 -1.60277377e-12 -2.32571886e-13  4.95323437e-11 |   711354069167.3894    |
|         |   -1.89633309e-10 -1.77154752e-15  8.88625502e-16  2.30896580e-05 |                        |
|         |          -2.07621975e-06 -1.53551500e-08  9.98214034e-10]]        |                        |
| Parent4 | [[ 0.00000000e+00 -1.51186399e-12 -2.04995554e-13  4.62010753e-11 |   1042482499497.7169   |
|         |   -1.92494943e-10 -1.63339192e-15  9.50309649e-16  2.53562313e-05 |                        |
|         |          -1.97566450e-06 -1.76165458e-08  9.85965287e-10]]        |                        |
| Parent5 | [[ 0.00000000e+00 -1.57871667e-12 -2.14234102e-13  4.27400442e-11 |   1064036468321.0181   |
|         |   -1.72008143e-10 -1.61528183e-15  9.17663243e-16  2.31224719e-05 |                        |
|         |          -2.04383495e-06 -1.67675829e-08  1.01601182e-09]]        |                        |
| Parent6 | [[ 0.00000000e+00 -1.44399329e-12 -2.13870013e-13  4.27400442e-11 |   1085620673747.7028   |
|         |   -1.64185343e-10 -1.60229929e-15  8.47630052e-16  2.34777966e-05 |                        |
|         |          -2.13229192e-06 -1.76051919e-08  1.06650728e-09]]        |                        |
| Parent7 | [[ 0.00000000e+00 -1.42340638e-12 -2.13445806e-13  3.86701799e-11 |   1580840354292.637    |
|         |   -1.69089826e-10 -1.79474910e-15  8.46638111e-16  2.47997007e-05 |                        |
|         |          -2.08326918e-06 -1.76548823e-08  9.93830784e-10]]        |                        |
| Parent8 | [[ 0.00000000e+00 -1.48953056e-12 -2.32571886e-13  5.24556728e-11 |   1969962196994.8342   |
|         |   -1.84134272e-10 -1.74882046e-15  8.88625502e-16  2.51106628e-05 |                        |
|         |          -1.86549917e-06 -1.57672107e-08  9.15482291e-10]]        |                        |
| Parent9 | [[ 0.00000000e+00 -1.42145287e-12 -2.24085835e-13  4.62010753e-11 |   2032692024785.085    |
|         |   -1.89785071e-10 -1.84486238e-15  8.27512864e-16  2.21047529e-05 |                        |
|         |          -1.84641357e-06 -1.91506320e-08  9.44215818e-10]]        |                        |
+---------+-------------------------------------------------------------------+------------------------+
+------+---------------+-------------------------+-------------------------------------------------------------------+
| s.no |    Parents    |    Crossover values     |                           Children gen                            |
+------+---------------+-------------------------+-------------------------------------------------------------------+
| Chl0 | [['P4' 'P2']] |   [[0. 1. 2. 4. 6.]]    | [[ 0.00000000e+00 -1.54681571e-12 -2.14234102e-13  4.62010753e-11 |
|      |               |                         |   -1.77609412e-10 -1.63339192e-15  9.44571965e-16  2.53562313e-05 |
|      |               |                         |          -1.97566450e-06 -1.76165458e-08  9.85965287e-10]]        |
| Chl1 | [['P4' 'P2']] |   [[0. 1. 2. 4. 6.]]    | [[ 0.00000000e+00 -1.51186399e-12 -2.04995554e-13  4.65044936e-11 |
|      |               |                         |   -1.92494943e-10 -1.52316834e-15  9.50309649e-16  2.31224719e-05 |
|      |               |                         |          -1.89074698e-06 -1.42739834e-08  8.64586176e-10]]        |
| Chl2 | [['P5' 'P1']] |   [[0. 1. 3. 6. 9.]]    | [[ 0.00000000e+00 -1.54638186e-12 -2.14234102e-13  5.07168606e-11 |
|      |               |                         |   -1.72008143e-10 -1.61528183e-15  8.52944060e-16  2.31224719e-05 |
|      |               |                         |          -2.04383495e-06 -1.53510570e-08  1.01601182e-09]]        |
| Chl3 | [['P5' 'P1']] |   [[0. 1. 3. 6. 9.]]    | [[ 0.00000000e+00 -1.57871667e-12 -2.33421823e-13  4.27400442e-11 |
|      |               |                         |   -1.76138016e-10 -1.66108276e-15  9.17663243e-16  2.42739280e-05 |
|      |               |                         |          -2.04268860e-06 -1.67675829e-08  9.59137336e-10]]        |
| Chl4 | [['P4' 'P0']] | [[ 0.  2.  6.  8. 10.]] | [[ 0.00000000e+00 -1.51186399e-12 -2.24085835e-13  4.62010753e-11 |
|      |               |                         |   -1.92494943e-10 -1.63339192e-15  8.62234007e-16  2.53562313e-05 |
|      |               |                         |          -1.89074698e-06 -1.76165458e-08  9.44323243e-10]]        |
| Chl5 | [['P4' 'P0']] | [[ 0.  2.  6.  8. 10.]] | [[ 0.00000000e+00 -1.46625284e-12 -2.04995554e-13  4.62010753e-11 |
|      |               |                         |   -1.75214813e-10 -1.68101511e-15  9.50309649e-16  2.29450648e-05 |
|      |               |                         |          -1.97566450e-06 -1.74609920e-08  9.85965287e-10]]        |
| Chl6 | [['P4' 'P1']] | [[ 2.  4.  5.  7. 10.]] | [[ 0.00000000e+00 -1.51186399e-12 -2.33421823e-13  4.62010753e-11 |
|      |               |                         |   -1.76138016e-10 -1.66108276e-15  9.50309649e-16  2.42739280e-05 |
|      |               |                         |          -1.97566450e-06 -1.76165458e-08  9.59137336e-10]]        |
| Chl7 | [['P4' 'P1']] | [[ 2.  4.  5.  7. 10.]] | [[ 0.00000000e+00 -1.54638186e-12 -2.04995554e-13  5.07168606e-11 |
|      |               |                         |   -1.92494943e-10 -1.63339192e-15  8.52944060e-16  2.53562313e-05 |
|      |               |                         |          -2.04268860e-06 -1.53510570e-08  9.85965287e-10]]        |
| Chl8 | [['P4' 'P3']] |   [[0. 1. 5. 6. 9.]]    | [[ 0.00000000e+00 -1.60277377e-12 -2.04995554e-13  4.62010753e-11 |
|      |               |                         |   -1.92494943e-10 -1.77154752e-15  8.88625502e-16  2.53562313e-05 |
|      |               |                         |          -1.97566450e-06 -1.53551500e-08  9.85965287e-10]]        |
| Chl9 | [['P4' 'P3']] |   [[0. 1. 5. 6. 9.]]    | [[ 0.00000000e+00 -1.51186399e-12 -2.32571886e-13  4.95323437e-11 |
|      |               |                         |   -1.89633309e-10 -1.63339192e-15  9.50309649e-16  2.30896580e-05 |
|      |               |                         |          -2.07621975e-06 -1.76165458e-08  9.98214034e-10]]        |
+------+---------------+-------------------------+-------------------------------------------------------------------+
+------+-------------------------------------------------------------------+------------------------------+
| s.no |                         Mutated Children                          | Mutated Children main Errors |
+------+-------------------------------------------------------------------+------------------------------+
| Mut0 | [[ 0.00000000e+00 -1.61468863e-12 -2.30827987e-13  4.33204505e-11 |      12996199109300.59       |
|      |   -1.69672982e-10 -1.63339192e-15  8.57379507e-16  2.34137655e-05 |                              |
|      |          -1.90008275e-06 -1.75645088e-08  1.03404621e-09]]        |                              |
| Mut1 | [[ 0.00000000e+00 -1.56505419e-12 -1.86739741e-13  4.38965984e-11 |      761765629052.2179       |
|      |   -1.95072486e-10 -1.53791685e-15  9.31037662e-16  2.16321294e-05 |                              |
|      |          -1.74274358e-06 -1.50968128e-08  8.61420090e-10]]        |                              |
| Mut2 | [[ 0.00000000e+00 -1.60869446e-12 -2.15601438e-13  4.82818951e-11 |      790742650379.2181       |
|      |   -1.75607949e-10 -1.47975562e-15  9.17137561e-16  2.31224719e-05 |                              |
|      |          -2.18735909e-06 -1.51174068e-08  1.00930230e-09]]        |                              |
| Mut3 | [[ 0.00000000e+00 -1.54438242e-12 -2.17727801e-13  4.23582774e-11 |      12057973034337.695      |
|      |   -1.60438455e-10 -1.59438539e-15  8.99656341e-16  2.19895407e-05 |                              |
|      |          -1.93621452e-06 -1.65027912e-08  8.72021441e-10]]        |                              |
| Mut4 | [[ 0.00000000e+00 -1.60781150e-12 -2.24085835e-13  4.85509383e-11 |      56116495599803.875      |
|      |   -1.99435063e-10 -1.77406670e-15  7.93574063e-16  2.44143893e-05 |                              |
|      |          -2.07839615e-06 -1.89207474e-08  8.68368428e-10]]        |                              |
| Mut5 | [[ 0.00000000e+00 -1.36085580e-12 -1.91925984e-13  4.80658624e-11 |      2975924111169.1436      |
|      |   -1.75214813e-10 -1.67569485e-15  9.61503377e-16  2.31278345e-05 |                              |
|      |          -2.03115554e-06 -1.74609920e-08  9.67611423e-10]]        |                              |
| Mut6 | [[ 0.00000000e+00 -1.39555207e-12 -2.13472300e-13  4.56139832e-11 |      5574261152905.972       |
|      |   -1.71855380e-10 -1.66108276e-15  9.52589079e-16  2.66652875e-05 |                              |
|      |          -1.91252716e-06 -1.76165458e-08  9.82246062e-10]]        |                              |
| Mut7 | [[ 0.00000000e+00 -1.43795990e-12 -2.14293778e-13  4.93695323e-11 |      3420506537916.075       |
|      |   -1.75263832e-10 -1.63339192e-15  7.89390408e-16  2.30058436e-05 |                              |
|      |          -2.18942604e-06 -1.58438134e-08  1.08166873e-09]]        |                              |
| Mut8 | [[ 0.00000000e+00 -1.44795294e-12 -2.12971774e-13  4.22280035e-11 |      19000824719416.164      |
|      |   -1.77313396e-10 -1.79591083e-15  8.16657666e-16  2.64131565e-05 |                              |
|      |          -2.16902674e-06 -1.67968867e-08  9.21772719e-10]]        |                              |
| Mut9 | [[ 0.00000000e+00 -1.65244473e-12 -2.48616604e-13  5.18702094e-11 |      1469907563064.5674      |
|      |   -1.80258960e-10 -1.52196927e-15  9.22449769e-16  2.30835524e-05 |                              |
|      |          -2.03647222e-06 -1.63824857e-08  9.58306283e-10]]        |                              |
+------+-------------------------------------------------------------------+------------------------------+
