gen 8:
main error = 330810922986.6852(improved from other generations)

table:
+---------+-------------------------------------------------------------------+------------------------+
|  s.no   |                            Population                             | Population main Errors |
+---------+-------------------------------------------------------------------+------------------------+
| Parent0 | [[ 0.00000000e+00 -1.46625284e-12 -2.24085835e-13  4.62010753e-11 |   333041897305.68665   |
|         |   -1.75214813e-10 -1.68101511e-15  8.62234007e-16  2.29450648e-05 |                        |
|         |          -1.89074698e-06 -1.74609920e-08  9.44323243e-10]]        |                        |
| Parent1 | [[ 0.00000000e+00 -1.54638186e-12 -2.33421823e-13  5.07168606e-11 |   337440321038.0802    |
|         |   -1.76138016e-10 -1.66108276e-15  8.52944060e-16  2.42739280e-05 |                        |
|         |          -2.04268860e-06 -1.53510570e-08  9.59137336e-10]]        |                        |
| Parent2 | [[ 0.00000000e+00 -1.54681571e-12 -2.14234102e-13  4.65044936e-11 |   519654794146.2656    |
|         |   -1.77609412e-10 -1.52316834e-15  9.44571965e-16  2.31224719e-05 |                        |
|         |          -1.89074698e-06 -1.42739834e-08  8.64586176e-10]]        |                        |
| Parent3 | [[ 0.00000000e+00 -1.60277377e-12 -2.32571886e-13  4.95323437e-11 |   711354069167.3894    |
|         |   -1.89633309e-10 -1.77154752e-15  8.88625502e-16  2.30896580e-05 |                        |
|         |          -2.07621975e-06 -1.53551500e-08  9.98214034e-10]]        |                        |
| Parent4 | [[ 0.00000000e+00 -1.56505419e-12 -1.86739741e-13  4.38965984e-11 |   761765629052.2179    |
|         |   -1.95072486e-10 -1.53791685e-15  9.31037662e-16  2.16321294e-05 |                        |
|         |          -1.74274358e-06 -1.50968128e-08  8.61420090e-10]]        |                        |
| Parent5 | [[ 0.00000000e+00 -1.60869446e-12 -2.15601438e-13  4.82818951e-11 |   790742650379.2181    |
|         |   -1.75607949e-10 -1.47975562e-15  9.17137561e-16  2.31224719e-05 |                        |
|         |          -2.18735909e-06 -1.51174068e-08  1.00930230e-09]]        |                        |
| Parent6 | [[ 0.00000000e+00 -1.51186399e-12 -2.04995554e-13  4.62010753e-11 |   1042482499497.7169   |
|         |   -1.92494943e-10 -1.63339192e-15  9.50309649e-16  2.53562313e-05 |                        |
|         |          -1.97566450e-06 -1.76165458e-08  9.85965287e-10]]        |                        |
| Parent7 | [[ 0.00000000e+00 -1.57871667e-12 -2.14234102e-13  4.27400442e-11 |   1064036468321.0181   |
|         |   -1.72008143e-10 -1.61528183e-15  9.17663243e-16  2.31224719e-05 |                        |
|         |          -2.04383495e-06 -1.67675829e-08  1.01601182e-09]]        |                        |
| Parent8 | [[ 0.00000000e+00 -1.46625284e-12 -2.35425757e-13  4.48297858e-11 |   1430921058457.7236   |
|         |   -1.69533131e-10 -1.60092115e-15  8.69600072e-16  2.44299591e-05 |                        |
|         |          -2.21487017e-06 -1.71306719e-08  1.08771346e-09]]        |                        |
| Parent9 | [[ 0.00000000e+00 -1.66504208e-12 -2.19567208e-13  4.28969592e-11 |   1579830341059.8667   |
|         |   -1.91594164e-10 -1.57650357e-15  8.99725148e-16  1.98407285e-05 |                        |
|         |          -1.95203320e-06 -1.37610564e-08  8.96317761e-10]]        |                        |
+---------+-------------------------------------------------------------------+------------------------+
+------+---------------+-------------------------+-------------------------------------------------------------------+
| s.no |    Parents    |    Crossover values     |                           Children gen                            |
+------+---------------+-------------------------+-------------------------------------------------------------------+
| Chl0 | [['P2' 'P1']] | [[ 1.  5.  6.  9. 10.]] | [[ 0.00000000e+00 -1.54638186e-12 -2.14234102e-13  4.65044936e-11 |
|      |               |                         |   -1.77609412e-10 -1.66108276e-15  8.52944060e-16  2.31224719e-05 |
|      |               |                         |          -1.89074698e-06 -1.53510570e-08  9.59137336e-10]]        |
| Chl1 | [['P2' 'P1']] | [[ 1.  5.  6.  9. 10.]] | [[ 0.00000000e+00 -1.54681571e-12 -2.33421823e-13  5.07168606e-11 |
|      |               |                         |   -1.76138016e-10 -1.52316834e-15  9.44571965e-16  2.42739280e-05 |
|      |               |                         |          -2.04268860e-06 -1.42739834e-08  8.64586176e-10]]        |
| Chl2 | [['P3' 'P5']] |   [[0. 3. 6. 7. 9.]]    | [[ 0.00000000e+00 -1.60277377e-12 -2.32571886e-13  4.82818951e-11 |
|      |               |                         |   -1.89633309e-10 -1.77154752e-15  9.17137561e-16  2.31224719e-05 |
|      |               |                         |          -2.07621975e-06 -1.51174068e-08  9.98214034e-10]]        |
| Chl3 | [['P3' 'P5']] |   [[0. 3. 6. 7. 9.]]    | [[ 0.00000000e+00 -1.60869446e-12 -2.15601438e-13  4.95323437e-11 |
|      |               |                         |   -1.75607949e-10 -1.47975562e-15  8.88625502e-16  2.30896580e-05 |
|      |               |                         |          -2.18735909e-06 -1.53551500e-08  1.00930230e-09]]        |
| Chl4 | [['P4' 'P1']] | [[ 2.  4.  5.  7. 10.]] | [[ 0.00000000e+00 -1.56505419e-12 -2.33421823e-13  4.38965984e-11 |
|      |               |                         |   -1.76138016e-10 -1.66108276e-15  9.31037662e-16  2.42739280e-05 |
|      |               |                         |          -1.74274358e-06 -1.50968128e-08  9.59137336e-10]]        |
| Chl5 | [['P4' 'P1']] | [[ 2.  4.  5.  7. 10.]] | [[ 0.00000000e+00 -1.54638186e-12 -1.86739741e-13  5.07168606e-11 |
|      |               |                         |   -1.95072486e-10 -1.53791685e-15  8.52944060e-16  2.16321294e-05 |
|      |               |                         |          -2.04268860e-06 -1.53510570e-08  8.61420090e-10]]        |
| Chl6 | [['P4' 'P2']] |   [[1. 4. 5. 8. 9.]]    | [[ 0.00000000e+00 -1.54681571e-12 -1.86739741e-13  4.38965984e-11 |
|      |               |                         |   -1.77609412e-10 -1.52316834e-15  9.31037662e-16  2.16321294e-05 |
|      |               |                         |          -1.89074698e-06 -1.42739834e-08  8.61420090e-10]]        |
| Chl7 | [['P4' 'P2']] |   [[1. 4. 5. 8. 9.]]    | [[ 0.00000000e+00 -1.56505419e-12 -2.14234102e-13  4.65044936e-11 |
|      |               |                         |   -1.95072486e-10 -1.53791685e-15  9.44571965e-16  2.31224719e-05 |
|      |               |                         |          -1.74274358e-06 -1.50968128e-08  8.64586176e-10]]        |
| Chl8 | [['P4' 'P1']] |   [[1. 4. 5. 6. 8.]]    | [[ 0.00000000e+00 -1.54638186e-12 -1.86739741e-13  4.38965984e-11 |
|      |               |                         |   -1.76138016e-10 -1.66108276e-15  8.52944060e-16  2.16321294e-05 |
|      |               |                         |          -2.04268860e-06 -1.50968128e-08  8.61420090e-10]]        |
| Chl9 | [['P4' 'P1']] |   [[1. 4. 5. 6. 8.]]    | [[ 0.00000000e+00 -1.56505419e-12 -2.33421823e-13  5.07168606e-11 |
|      |               |                         |   -1.95072486e-10 -1.53791685e-15  9.31037662e-16  2.42739280e-05 |
|      |               |                         |          -1.74274358e-06 -1.53510570e-08  9.59137336e-10]]        |
+------+---------------+-------------------------+-------------------------------------------------------------------+
+------+-------------------------------------------------------------------+------------------------------+
| s.no |                         Mutated Children                          | Mutated Children main Errors |
+------+-------------------------------------------------------------------+------------------------------+
| Mut0 | [[ 0.00000000e+00 -1.66052079e-12 -2.17386369e-13  5.01852858e-11 |      37018423242681.05       |
|      |   -1.90544566e-10 -1.75408907e-15  8.80734341e-16  2.31224719e-05 |                              |
|      |          -1.83178357e-06 -1.55382282e-08  1.02791717e-09]]        |                              |
| Mut1 | [[ 0.00000000e+00 -1.50060074e-12 -2.14942134e-13  5.12225958e-11 |       9094559740580.02       |
|      |   -1.75302056e-10 -1.55643956e-15  9.94708560e-16  2.51602156e-05 |                              |
|      |          -2.19398629e-06 -1.38254509e-08  9.10643529e-10]]        |                              |
| Mut2 | [[ 0.00000000e+00 -1.60768354e-12 -2.23309469e-13  4.82827990e-11 |      52360300146627.95       |
|      |   -2.04260079e-10 -1.77154752e-15  9.59860679e-16  2.17101112e-05 |                              |
|      |          -1.90279106e-06 -1.39809298e-08  1.06678850e-09]]        |                              |
| Mut3 | [[ 0.00000000e+00 -1.71440658e-12 -2.15601438e-13  4.73930397e-11 |      930599925960.7306       |
|      |   -1.64910549e-10 -1.47627333e-15  8.26522983e-16  2.36001517e-05 |                              |
|      |          -2.05338057e-06 -1.59142353e-08  9.57526905e-10]]        |                              |
| Mut4 | [[ 0.00000000e+00 -1.64191714e-12 -2.14866514e-13  4.72973434e-11 |      30957372269218.594      |
|      |   -1.79826189e-10 -1.66712097e-15  9.13938287e-16  2.38115663e-05 |                              |
|      |          -1.78598673e-06 -1.46273280e-08  9.69125274e-10]]        |                              |
| Mut5 | [[ 0.00000000e+00 -1.61110086e-12 -2.02165528e-13  5.06007421e-11 |      2570445540008.2485      |
|      |   -1.95894594e-10 -1.65652631e-15  8.52944060e-16  2.16453656e-05 |                              |
|      |          -1.88272969e-06 -1.64924129e-08  8.99274318e-10]]        |                              |
| Mut6 | [[ 0.00000000e+00 -1.62491233e-12 -2.02297204e-13  4.18777947e-11 |      2711513288034.408       |
|      |   -1.76216146e-10 -1.49598734e-15  9.57463564e-16  2.02118610e-05 |                              |
|      |          -1.91975634e-06 -1.50430967e-08  8.93706750e-10]]        |                              |
| Mut7 | [[ 0.00000000e+00 -1.58940097e-12 -2.16798332e-13  4.24544508e-11 |      330810922986.6852       |
|      |   -1.83138872e-10 -1.39967158e-15  1.00827067e-15  2.13977455e-05 |                              |
|      |          -1.76309323e-06 -1.60802473e-08  8.65781060e-10]]        |                              |
| Mut8 | [[ 0.00000000e+00 -1.66803494e-12 -1.94283128e-13  4.47906242e-11 |       40510417722431.2       |
|      |   -1.91845126e-10 -1.59210731e-15  7.84268039e-16  2.00859765e-05 |                              |
|      |          -2.04268860e-06 -1.60241670e-08  8.55123677e-10]]        |                              |
| Mut9 | [[ 0.00000000e+00 -1.47852570e-12 -2.29663282e-13  4.85876514e-11 |      107971100156556.77      |
|      |   -1.98488578e-10 -1.48850274e-15  8.84873289e-16  2.48368525e-05 |                              |
|      |          -1.60173868e-06 -1.53510570e-08  1.00810450e-09]]        |                              |
+------+-------------------------------------------------------------------+------------------------------+


