Main error for the first gen and the parameters is as follows
+---------+-------------------------------------------------------------------+------------------------+
|  s.no   |                            Population                             | Population main Errors |
+---------+-------------------------------------------------------------------+------------------------+
| Parent0 | [[ 0.00000000e+00 -1.46625284e-12 -2.24085835e-13  4.62010753e-11 |   333041897305.68665   |
|         |   -1.75214813e-10 -1.68101511e-15  8.62234007e-16  2.29450648e-05 |                        |
|         |          -1.89074698e-06 -1.74609920e-08  9.44323243e-10]]        |                        |
| Parent1 | [[ 0.00000000e+00 -1.54638186e-12 -2.33421823e-13  5.07168606e-11 |   337440321038.0802    |
|         |   -1.76138016e-10 -1.66108276e-15  8.52944060e-16  2.42739280e-05 |                        |
|         |          -2.04268860e-06 -1.53510570e-08  9.59137336e-10]]        |                        |
| Parent2 | [[ 0.00000000e+00 -1.60277377e-12 -2.32571886e-13  4.95323437e-11 |   711354069167.3894    |
|         |   -1.89633309e-10 -1.77154752e-15  8.88625502e-16  2.30896580e-05 |                        |
|         |          -2.07621975e-06 -1.53551500e-08  9.98214034e-10]]        |                        |
| Parent3 | [[ 0.00000000e+00 -1.39091730e-12 -2.19723122e-13  4.62010753e-11 |   2997073414199.9053   |
|         |   -1.75214813e-10 -1.68130368e-15  8.54065474e-16  2.18931329e-05 |                        |
|         |          -2.04893438e-06 -1.72790527e-08  1.05932261e-09]]        |                        |
| Parent4 | [[ 0.00000000e+00 -1.48079693e-12 -2.36082776e-13  4.98806477e-11 |   3449083062871.125    |
|         |   -1.65530615e-10 -1.74882046e-15  7.94201383e-16  2.30592951e-05 |                        |
|         |          -2.04721003e-06 -1.59792834e-08  9.42541333e-10]]        |                        |
| Parent5 | [[ 0.00000000e+00 -1.40790699e-12 -2.50504965e-13  4.88703741e-11 |   7189602815563.158    |
|         |   -1.75214813e-10 -1.83669770e-15  8.21961287e-16  2.08520099e-05 |                        |
|         |          -2.02247678e-06 -1.59792834e-08  9.33004635e-10]]        |                        |
| Parent6 | [[ 0.00000000e+00 -1.57252410e-12 -2.21499704e-13  4.33608624e-11 |   8211229692463.631    |
|         |   -1.72734119e-10 -1.73796031e-15  8.34201486e-16  2.17446763e-05 |                        |
|         |          -2.18725898e-06 -1.63787505e-08  9.98214034e-10]]        |                        |
| Parent7 | [[ 0.00000000e+00 -1.42184740e-12 -2.48440786e-13  4.62010753e-11 |   10489864274387.352   |
|         |   -1.67663166e-10 -1.79015027e-15  9.06380300e-16  2.36548666e-05 |                        |
|         |          -1.85940223e-06 -1.65325680e-08  9.87597349e-10]]        |                        |
| Parent8 | [[ 0.00000000e+00 -1.45167011e-12 -2.30608184e-13  5.00298542e-11 |   13701464091462.484   |
|         |   -1.61611330e-10 -1.66939866e-15  9.19422254e-16  2.29423303e-05 |                        |
|         |          -1.86832522e-06 -1.48556149e-08  9.71991079e-10]]        |                        |
| Parent9 | [[ 0.00000000e+00 -1.46183872e-12 -2.26469354e-13  4.59273127e-11 |   50905718916311.875   |
|         |   -1.66727363e-10 -1.83669770e-15  8.30094949e-16  2.47627850e-05 |                        |
|         |          -1.87527967e-06 -1.62773614e-08  1.07424140e-09]]        |                        |
+---------+-------------------------------------------------------------------+------------------------+
+------+---------------+-------------------------+-------------------------------------------------------------------+
| s.no |    Parents    |    Crossover values     |                           Children gen                            |
+------+---------------+-------------------------+-------------------------------------------------------------------+
| Chl0 | [['P4' 'P5']] | [[ 2.  4.  5.  9. 10.]] | [[ 0.00000000e+00 -1.48079693e-12 -2.50504965e-13  4.98806477e-11 |
|      |               |                         |   -1.75214813e-10 -1.83669770e-15  7.94201383e-16  2.30592951e-05 |
|      |               |                         |          -2.04721003e-06 -1.59792834e-08  9.33004635e-10]]        |
| Chl1 | [['P4' 'P5']] | [[ 2.  4.  5.  9. 10.]] | [[ 0.00000000e+00 -1.40790699e-12 -2.36082776e-13  4.88703741e-11 |
|      |               |                         |   -1.65530615e-10 -1.74882046e-15  8.21961287e-16  2.08520099e-05 |
|      |               |                         |          -2.02247678e-06 -1.59792834e-08  9.42541333e-10]]        |
| Chl2 | [['P3' 'P5']] |   [[0. 1. 3. 6. 7.]]    | [[ 0.00000000e+00 -1.40790699e-12 -2.19723122e-13  4.88703741e-11 |
|      |               |                         |   -1.75214813e-10 -1.68130368e-15  8.21961287e-16  2.08520099e-05 |
|      |               |                         |          -2.04893438e-06 -1.72790527e-08  1.05932261e-09]]        |
| Chl3 | [['P3' 'P5']] |   [[0. 1. 3. 6. 7.]]    | [[ 0.00000000e+00 -1.39091730e-12 -2.50504965e-13  4.62010753e-11 |
|      |               |                         |   -1.75214813e-10 -1.83669770e-15  8.54065474e-16  2.18931329e-05 |
|      |               |                         |          -2.02247678e-06 -1.59792834e-08  9.33004635e-10]]        |
| Chl4 | [['P2' 'P0']] |   [[0. 1. 3. 7. 9.]]    | [[ 0.00000000e+00 -1.46625284e-12 -2.32571886e-13  4.62010753e-11 |
|      |               |                         |   -1.89633309e-10 -1.77154752e-15  8.88625502e-16  2.29450648e-05 |
|      |               |                         |          -2.07621975e-06 -1.74609920e-08  9.98214034e-10]]        |
| Chl5 | [['P2' 'P0']] |   [[0. 1. 3. 7. 9.]]    | [[ 0.00000000e+00 -1.60277377e-12 -2.24085835e-13  4.95323437e-11 |
|      |               |                         |   -1.75214813e-10 -1.68101511e-15  8.62234007e-16  2.30896580e-05 |
|      |               |                         |          -1.89074698e-06 -1.53551500e-08  9.44323243e-10]]        |
| Chl6 | [['P5' 'P3']] |   [[0. 1. 3. 5. 8.]]    | [[ 0.00000000e+00 -1.39091730e-12 -2.50504965e-13  4.62010753e-11 |
|      |               |                         |   -1.75214813e-10 -1.68130368e-15  8.21961287e-16  2.08520099e-05 |
|      |               |                         |          -2.04893438e-06 -1.59792834e-08  9.33004635e-10]]        |
| Chl7 | [['P5' 'P3']] |   [[0. 1. 3. 5. 8.]]    | [[ 0.00000000e+00 -1.40790699e-12 -2.19723122e-13  4.88703741e-11 |
|      |               |                         |   -1.75214813e-10 -1.83669770e-15  8.54065474e-16  2.18931329e-05 |
|      |               |                         |          -2.02247678e-06 -1.72790527e-08  1.05932261e-09]]        |
| Chl8 | [['P5' 'P4']] |   [[1. 2. 4. 5. 6.]]    | [[ 0.00000000e+00 -1.48079693e-12 -2.36082776e-13  4.88703741e-11 |
|      |               |                         |   -1.65530615e-10 -1.74882046e-15  7.94201383e-16  2.08520099e-05 |
|      |               |                         |          -2.02247678e-06 -1.59792834e-08  9.33004635e-10]]        |
| Chl9 | [['P5' 'P4']] |   [[1. 2. 4. 5. 6.]]    | [[ 0.00000000e+00 -1.40790699e-12 -2.50504965e-13  4.98806477e-11 |
|      |               |                         |   -1.75214813e-10 -1.83669770e-15  8.21961287e-16  2.30592951e-05 |
|      |               |                         |          -2.04721003e-06 -1.59792834e-08  9.42541333e-10]]        |
+------+---------------+-------------------------+-------------------------------------------------------------------+
+------+-------------------------------------------------------------------+------------------------------+
| s.no |                         Mutated Children                          | Mutated Children main Errors |
+------+-------------------------------------------------------------------+------------------------------+
| Mut0 | [[ 0.00000000e+00 -1.48079693e-12 -2.32655066e-13  5.05196777e-11 |      31246259177630.94       |
|      |   -1.73109721e-10 -1.94357544e-15  7.30891826e-16  2.30592951e-05 |                              |
|      |          -2.19230375e-06 -1.52924467e-08  9.03905647e-10]]        |                              |
| Mut1 | [[ 0.00000000e+00 -1.49368371e-12 -2.46662179e-13  5.28036221e-11 |      5351621456872.674       |
|      |   -1.68441270e-10 -1.68913573e-15  7.85736052e-16  2.07810828e-05 |                              |
|      |          -1.97125419e-06 -1.71764483e-08  9.42541333e-10]]        |                              |
| Mut2 | [[ 0.00000000e+00 -1.48021620e-12 -2.00395926e-13  4.88703741e-11 |      14749035191121.523      |
|      |   -1.63707992e-10 -1.63027173e-15  8.76926039e-16  1.95114237e-05 |                              |
|      |          -2.04893438e-06 -1.73960640e-08  9.53448107e-10]]        |                              |
| Mut3 | [[ 0.00000000e+00 -1.37144740e-12 -2.68629342e-13  4.19309580e-11 |      16759204958987.93       |
|      |   -1.85644744e-10 -1.72222940e-15  8.05414886e-16  2.04708512e-05 |                              |
|      |          -2.05462908e-06 -1.69207211e-08  9.33004635e-10]]        |                              |
| Mut4 | [[ 0.00000000e+00 -1.41802174e-12 -2.32571886e-13  4.75064157e-11 |      3939058175700.794       |
|      |   -2.04000246e-10 -1.94077428e-15  8.85087088e-16  2.29450648e-05 |                              |
|      |          -2.08621686e-06 -1.84078435e-08  1.01179282e-09]]        |                              |
| Mut5 | [[ 0.00000000e+00 -1.54681571e-12 -2.14234102e-13  4.65044936e-11 |      519654794146.2656       |
|      |   -1.77609412e-10 -1.52316834e-15  9.44571965e-16  2.31224719e-05 |                              |
|      |          -1.89074698e-06 -1.42739834e-08  8.64586176e-10]]        |                              |
| Mut6 | [[ 0.00000000e+00 -1.39091730e-12 -2.59383936e-13  4.41595186e-11 |      4569287108344.484       |
|      |   -1.63945778e-10 -1.82753712e-15  8.21961287e-16  2.08520099e-05 |                              |
|      |          -2.02384069e-06 -1.63507861e-08  9.54682734e-10]]        |                              |
| Mut7 | [[ 0.00000000e+00 -1.30485287e-12 -2.19723122e-13  5.04208590e-11 |      45274182861359.67       |
|      |   -1.68413648e-10 -1.83669770e-15  9.17705396e-16  2.07321570e-05 |                              |
|      |          -2.04444411e-06 -1.57679968e-08  1.16193964e-09]]        |                              |
| Mut8 | [[ 0.00000000e+00 -1.38479452e-12 -2.56913219e-13  5.11140103e-11 |      5783190018493.847       |
|      |   -1.59346852e-10 -1.73818072e-15  7.19787363e-16  2.08086677e-05 |                              |
|      |          -2.17126384e-06 -1.44795808e-08  9.71894274e-10]]        |                              |
| Mut9 | [[ 0.00000000e+00 -1.40029982e-12 -2.50504965e-13  4.71085035e-11 |       8800849746423.68       |
|      |   -1.68034824e-10 -1.83373218e-15  7.60800974e-16  2.30208460e-05 |                              |
|      |          -2.13198803e-06 -1.44049517e-08  9.21394113e-10]]        |                              |
+------+-------------------------------------------------------------------+------------------------------+

main error = 333041897305.68665