gen 7:
main error = 333041897305.68665

table:
+---------+-------------------------------------------------------------------+------------------------+
|  s.no   |                            Population                             | Population main Errors |
+---------+-------------------------------------------------------------------+------------------------+
| Parent0 | [[ 0.00000000e+00 -1.46625284e-12 -2.24085835e-13  4.62010753e-11 |   333041897305.68665   |
|         |   -1.75214813e-10 -1.68101511e-15  8.62234007e-16  2.29450648e-05 |                        |
|         |          -1.89074698e-06 -1.74609920e-08  9.44323243e-10]]        |                        |
| Parent1 | [[ 0.00000000e+00 -1.54638186e-12 -2.33421823e-13  5.07168606e-11 |   337440321038.0802    |
|         |   -1.76138016e-10 -1.66108276e-15  8.52944060e-16  2.42739280e-05 |                        |
|         |          -2.04268860e-06 -1.53510570e-08  9.59137336e-10]]        |                        |
| Parent2 | [[ 0.00000000e+00 -1.54681571e-12 -2.14234102e-13  4.65044936e-11 |   519654794146.2656    |
|         |   -1.77609412e-10 -1.52316834e-15  9.44571965e-16  2.31224719e-05 |                        |
|         |          -1.89074698e-06 -1.42739834e-08  8.64586176e-10]]        |                        |
| Parent3 | [[ 0.00000000e+00 -1.60277377e-12 -2.32571886e-13  4.95323437e-11 |   711354069167.3894    |
|         |   -1.89633309e-10 -1.77154752e-15  8.88625502e-16  2.30896580e-05 |                        |
|         |          -2.07621975e-06 -1.53551500e-08  9.98214034e-10]]        |                        |
| Parent4 | [[ 0.00000000e+00 -1.56505419e-12 -1.86739741e-13  4.38965984e-11 |   761765629052.2179    |
|         |   -1.95072486e-10 -1.53791685e-15  9.31037662e-16  2.16321294e-05 |                        |
|         |          -1.74274358e-06 -1.50968128e-08  8.61420090e-10]]        |                        |
| Parent5 | [[ 0.00000000e+00 -1.60869446e-12 -2.15601438e-13  4.82818951e-11 |   790742650379.2181    |
|         |   -1.75607949e-10 -1.47975562e-15  9.17137561e-16  2.31224719e-05 |                        |
|         |          -2.18735909e-06 -1.51174068e-08  1.00930230e-09]]        |                        |
| Parent6 | [[ 0.00000000e+00 -1.51186399e-12 -2.04995554e-13  4.62010753e-11 |   1042482499497.7169   |
|         |   -1.92494943e-10 -1.63339192e-15  9.50309649e-16  2.53562313e-05 |                        |
|         |          -1.97566450e-06 -1.76165458e-08  9.85965287e-10]]        |                        |
| Parent7 | [[ 0.00000000e+00 -1.57871667e-12 -2.14234102e-13  4.27400442e-11 |   1064036468321.0181   |
|         |   -1.72008143e-10 -1.61528183e-15  9.17663243e-16  2.31224719e-05 |                        |
|         |          -2.04383495e-06 -1.67675829e-08  1.01601182e-09]]        |                        |
| Parent8 | [[ 0.00000000e+00 -1.53657142e-12 -2.25317289e-13  4.74936730e-11 |   2071273590634.5942   |
|         |   -1.74590841e-10 -1.80008513e-15  9.28981000e-16  2.39002435e-05 |                        |
|         |          -2.16872017e-06 -1.39302372e-08  9.58026096e-10]]        |                        |
| Parent9 | [[ 0.00000000e+00 -1.65019343e-12 -2.00936500e-13  5.40919762e-11 |   6247316192523.424    |
|         |   -1.65524898e-10 -1.67059108e-15  8.18648456e-16  2.17543883e-05 |                        |
|         |          -1.85376932e-06 -1.54463578e-08  9.59137336e-10]]        |                        |
+---------+-------------------------------------------------------------------+------------------------+
+------+---------------+-------------------------+-------------------------------------------------------------------+
| s.no |    Parents    |    Crossover values     |                           Children gen                            |
+------+---------------+-------------------------+-------------------------------------------------------------------+
| Chl0 | [['P4' 'P1']] | [[ 0.  2.  4.  8. 10.]] | [[ 0.00000000e+00 -1.56505419e-12 -2.33421823e-13  4.38965984e-11 |
|      |               |                         |   -1.76138016e-10 -1.53791685e-15  9.31037662e-16  2.16321294e-05 |
|      |               |                         |          -2.04268860e-06 -1.50968128e-08  9.59137336e-10]]        |
| Chl1 | [['P4' 'P1']] | [[ 0.  2.  4.  8. 10.]] | [[ 0.00000000e+00 -1.54638186e-12 -1.86739741e-13  5.07168606e-11 |
|      |               |                         |   -1.95072486e-10 -1.66108276e-15  8.52944060e-16  2.42739280e-05 |
|      |               |                         |          -1.74274358e-06 -1.53510570e-08  8.61420090e-10]]        |
| Chl2 | [['P2' 'P1']] |   [[1. 2. 3. 5. 8.]]    | [[ 0.00000000e+00 -1.54638186e-12 -2.33421823e-13  5.07168606e-11 |
|      |               |                         |   -1.77609412e-10 -1.66108276e-15  9.44571965e-16  2.31224719e-05 |
|      |               |                         |          -2.04268860e-06 -1.42739834e-08  8.64586176e-10]]        |
| Chl3 | [['P2' 'P1']] |   [[1. 2. 3. 5. 8.]]    | [[ 0.00000000e+00 -1.54681571e-12 -2.14234102e-13  4.65044936e-11 |
|      |               |                         |   -1.76138016e-10 -1.52316834e-15  8.52944060e-16  2.42739280e-05 |
|      |               |                         |          -1.89074698e-06 -1.53510570e-08  9.59137336e-10]]        |
| Chl4 | [['P0' 'P5']] | [[ 0.  4.  7.  8. 10.]] | [[ 0.00000000e+00 -1.46625284e-12 -2.24085835e-13  4.62010753e-11 |
|      |               |                         |   -1.75607949e-10 -1.68101511e-15  8.62234007e-16  2.31224719e-05 |
|      |               |                         |          -2.18735909e-06 -1.74609920e-08  1.00930230e-09]]        |
| Chl5 | [['P0' 'P5']] | [[ 0.  4.  7.  8. 10.]] | [[ 0.00000000e+00 -1.60869446e-12 -2.15601438e-13  4.82818951e-11 |
|      |               |                         |   -1.75214813e-10 -1.47975562e-15  9.17137561e-16  2.29450648e-05 |
|      |               |                         |          -1.89074698e-06 -1.51174068e-08  9.44323243e-10]]        |
| Chl6 | [['P4' 'P3']] |   [[1. 2. 5. 6. 7.]]    | [[ 0.00000000e+00 -1.60277377e-12 -2.32571886e-13  4.38965984e-11 |
|      |               |                         |   -1.95072486e-10 -1.77154752e-15  8.88625502e-16  2.30896580e-05 |
|      |               |                         |          -1.74274358e-06 -1.50968128e-08  8.61420090e-10]]        |
| Chl7 | [['P4' 'P3']] |   [[1. 2. 5. 6. 7.]]    | [[ 0.00000000e+00 -1.56505419e-12 -1.86739741e-13  4.95323437e-11 |
|      |               |                         |   -1.89633309e-10 -1.53791685e-15  9.31037662e-16  2.16321294e-05 |
|      |               |                         |          -2.07621975e-06 -1.53551500e-08  9.98214034e-10]]        |
| Chl8 | [['P5' 'P1']] | [[ 0.  2.  3.  7. 10.]] | [[ 0.00000000e+00 -1.60869446e-12 -2.33421823e-13  5.07168606e-11 |
|      |               |                         |   -1.75607949e-10 -1.47975562e-15  9.17137561e-16  2.42739280e-05 |
|      |               |                         |          -2.18735909e-06 -1.51174068e-08  9.59137336e-10]]        |
| Chl9 | [['P5' 'P1']] | [[ 0.  2.  3.  7. 10.]] | [[ 0.00000000e+00 -1.54638186e-12 -2.15601438e-13  4.82818951e-11 |
|      |               |                         |   -1.76138016e-10 -1.66108276e-15  8.52944060e-16  2.31224719e-05 |
|      |               |                         |          -2.04268860e-06 -1.53510570e-08  1.00930230e-09]]        |
+------+---------------+-------------------------+-------------------------------------------------------------------+
+------+-------------------------------------------------------------------+------------------------------+
| s.no |                         Mutated Children                          | Mutated Children main Errors |
+------+-------------------------------------------------------------------+------------------------------+
| Mut0 | [[ 0.00000000e+00 -1.66504208e-12 -2.19567208e-13  4.28969592e-11 |      1579830341059.8667      |
|      |   -1.91594164e-10 -1.57650357e-15  8.99725148e-16  1.98407285e-05 |                              |
|      |          -1.95203320e-06 -1.37610564e-08  8.96317761e-10]]        |                              |
| Mut1 | [[ 0.00000000e+00 -1.67905997e-12 -1.90953281e-13  5.05990487e-11 |      44718871318663.086      |
|      |   -1.83487165e-10 -1.55676174e-15  8.22519255e-16  2.48818469e-05 |                              |
|      |          -1.59323641e-06 -1.46676333e-08  9.02372209e-10]]        |                              |
| Mut2 | [[ 0.00000000e+00 -1.46538840e-12 -2.49278367e-13  5.00694517e-11 |      23135340041961.29       |
|      |   -1.91196395e-10 -1.64117578e-15  9.13700241e-16  2.35198805e-05 |                              |
|      |          -2.22269299e-06 -1.50812797e-08  9.21335762e-10]]        |                              |
| Mut3 | [[ 0.00000000e+00 -1.68496171e-12 -1.99102284e-13  4.24839776e-11 |      21589146679927.18       |
|      |   -1.62785723e-10 -1.48667639e-15  8.52944060e-16  2.45185829e-05 |                              |
|      |          -1.85766058e-06 -1.42033569e-08  9.59137336e-10]]        |                              |
| Mut4 | [[ 0.00000000e+00 -1.46625284e-12 -2.35425757e-13  4.48297858e-11 |      1430921058457.7236      |
|      |   -1.69533131e-10 -1.60092115e-15  8.69600072e-16  2.44299591e-05 |                              |
|      |          -2.21487017e-06 -1.71306719e-08  1.08771346e-09]]        |                              |
| Mut5 | [[ 0.00000000e+00 -1.66511683e-12 -1.96889067e-13  4.58835978e-11 |      5144515229838.129       |
|      |   -1.75214813e-10 -1.54091584e-15  9.80255532e-16  2.15036580e-05 |                              |
|      |          -1.85758946e-06 -1.40420063e-08  9.25854151e-10]]        |                              |
| Mut6 | [[ 0.00000000e+00 -1.53219835e-12 -2.23962506e-13  4.58977525e-11 |      20853709725583.316      |
|      |   -2.05438430e-10 -1.76103802e-15  8.88625502e-16  2.15969269e-05 |                              |
|      |          -1.73838432e-06 -1.40127431e-08  9.33452671e-10]]        |                              |
| Mut7 | [[ 0.00000000e+00 -1.56505419e-12 -1.75349774e-13  4.77948592e-11 |      2936721428612.1455      |
|      |   -1.72895740e-10 -1.50022135e-15  9.18627417e-16  2.15933547e-05 |                              |
|      |          -1.96223575e-06 -1.50461816e-08  9.75549169e-10]]        |                              |
| Mut8 | [[ 0.00000000e+00 -1.63574608e-12 -2.28551179e-13  5.39609287e-11 |      63808545573956.47       |
|      |   -1.72831167e-10 -1.34849818e-15  9.37620794e-16  2.21580065e-05 |                              |
|      |          -2.36713333e-06 -1.51174068e-08  9.14045913e-10]]        |                              |
| Mut9 | [[ 0.00000000e+00 -1.42086797e-12 -1.98024361e-13  4.73330268e-11 |      13691671600481.617      |
|      |   -1.77251249e-10 -1.58121958e-15  7.88100965e-16  2.31224719e-05 |                              |
|      |          -1.95046308e-06 -1.63025699e-08  1.03349263e-09]]        |                              |
+------+-------------------------------------------------------------------+------------------------------+
