gen 9:
main error = 330810922986.6852
table:

+---------+-------------------------------------------------------------------+------------------------+
|  s.no   |                            Population                             | Population main Errors |
+---------+-------------------------------------------------------------------+------------------------+
| Parent0 | [[ 0.00000000e+00 -1.58940097e-12 -2.16798332e-13  4.24544508e-11 |   330810922986.6852    |
|         |   -1.83138872e-10 -1.39967158e-15  1.00827067e-15  2.13977455e-05 |                        |
|         |          -1.76309323e-06 -1.60802473e-08  8.65781060e-10]]        |                        |
| Parent1 | [[ 0.00000000e+00 -1.46625284e-12 -2.24085835e-13  4.62010753e-11 |   333041897305.68665   |
|         |   -1.75214813e-10 -1.68101511e-15  8.62234007e-16  2.29450648e-05 |                        |
|         |          -1.89074698e-06 -1.74609920e-08  9.44323243e-10]]        |                        |
| Parent2 | [[ 0.00000000e+00 -1.54638186e-12 -2.33421823e-13  5.07168606e-11 |   337440321038.0802    |
|         |   -1.76138016e-10 -1.66108276e-15  8.52944060e-16  2.42739280e-05 |                        |
|         |          -2.04268860e-06 -1.53510570e-08  9.59137336e-10]]        |                        |
| Parent3 | [[ 0.00000000e+00 -1.54681571e-12 -2.14234102e-13  4.65044936e-11 |   519654794146.2656    |
|         |   -1.77609412e-10 -1.52316834e-15  9.44571965e-16  2.31224719e-05 |                        |
|         |          -1.89074698e-06 -1.42739834e-08  8.64586176e-10]]        |                        |
| Parent4 | [[ 0.00000000e+00 -1.60277377e-12 -2.32571886e-13  4.95323437e-11 |   711354069167.3894    |
|         |   -1.89633309e-10 -1.77154752e-15  8.88625502e-16  2.30896580e-05 |                        |
|         |          -2.07621975e-06 -1.53551500e-08  9.98214034e-10]]        |                        |
| Parent5 | [[ 0.00000000e+00 -1.56505419e-12 -1.86739741e-13  4.38965984e-11 |   761765629052.2179    |
|         |   -1.95072486e-10 -1.53791685e-15  9.31037662e-16  2.16321294e-05 |                        |
|         |          -1.74274358e-06 -1.50968128e-08  8.61420090e-10]]        |                        |
| Parent6 | [[ 0.00000000e+00 -1.60869446e-12 -2.15601438e-13  4.82818951e-11 |   790742650379.2181    |
|         |   -1.75607949e-10 -1.47975562e-15  9.17137561e-16  2.31224719e-05 |                        |
|         |          -2.18735909e-06 -1.51174068e-08  1.00930230e-09]]        |                        |
| Parent7 | [[ 0.00000000e+00 -1.71440658e-12 -2.15601438e-13  4.73930397e-11 |   930599925960.7306    |
|         |   -1.64910549e-10 -1.47627333e-15  8.26522983e-16  2.36001517e-05 |                        |
|         |          -2.05338057e-06 -1.59142353e-08  9.57526905e-10]]        |                        |
| Parent8 | [[ 0.00000000e+00 -1.51186399e-12 -2.04995554e-13  4.62010753e-11 |   1042482499497.7169   |
|         |   -1.92494943e-10 -1.63339192e-15  9.50309649e-16  2.53562313e-05 |                        |
|         |          -1.97566450e-06 -1.76165458e-08  9.85965287e-10]]        |                        |
| Parent9 | [[ 0.00000000e+00 -1.57871667e-12 -2.14234102e-13  4.27400442e-11 |   1064036468321.0181   |
|         |   -1.72008143e-10 -1.61528183e-15  9.17663243e-16  2.31224719e-05 |                        |
|         |          -2.04383495e-06 -1.67675829e-08  1.01601182e-09]]        |                        |
+---------+-------------------------------------------------------------------+------------------------+
+------+---------------+-------------------------+-------------------------------------------------------------------+
| s.no |    Parents    |    Crossover values     |                           Children gen                            |
+------+---------------+-------------------------+-------------------------------------------------------------------+
| Chl0 | [['P0' 'P5']] |   [[0. 1. 4. 7. 8.]]    | [[ 0.00000000e+00 -1.56505419e-12 -2.16798332e-13  4.24544508e-11 |
|      |               |                         |   -1.95072486e-10 -1.39967158e-15  1.00827067e-15  2.16321294e-05 |
|      |               |                         |          -1.74274358e-06 -1.60802473e-08  8.65781060e-10]]        |
| Chl1 | [['P0' 'P5']] |   [[0. 1. 4. 7. 8.]]    | [[ 0.00000000e+00 -1.58940097e-12 -1.86739741e-13  4.38965984e-11 |
|      |               |                         |   -1.83138872e-10 -1.53791685e-15  9.31037662e-16  2.13977455e-05 |
|      |               |                         |          -1.76309323e-06 -1.50968128e-08  8.61420090e-10]]        |
| Chl2 | [['P0' 'P5']] |   [[0. 3. 5. 7. 9.]]    | [[ 0.00000000e+00 -1.58940097e-12 -2.16798332e-13  4.38965984e-11 |
|      |               |                         |   -1.83138872e-10 -1.53791685e-15  1.00827067e-15  2.16321294e-05 |
|      |               |                         |          -1.76309323e-06 -1.50968128e-08  8.65781060e-10]]        |
| Chl3 | [['P0' 'P5']] |   [[0. 3. 5. 7. 9.]]    | [[ 0.00000000e+00 -1.56505419e-12 -1.86739741e-13  4.24544508e-11 |
|      |               |                         |   -1.95072486e-10 -1.39967158e-15  9.31037662e-16  2.13977455e-05 |
|      |               |                         |          -1.74274358e-06 -1.60802473e-08  8.61420090e-10]]        |
| Chl4 | [['P0' 'P2']] | [[ 0.  2.  4.  8. 10.]] | [[ 0.00000000e+00 -1.58940097e-12 -2.33421823e-13  4.24544508e-11 |
|      |               |                         |   -1.76138016e-10 -1.39967158e-15  1.00827067e-15  2.13977455e-05 |
|      |               |                         |          -2.04268860e-06 -1.60802473e-08  9.59137336e-10]]        |
| Chl5 | [['P0' 'P2']] | [[ 0.  2.  4.  8. 10.]] | [[ 0.00000000e+00 -1.54638186e-12 -2.16798332e-13  5.07168606e-11 |
|      |               |                         |   -1.83138872e-10 -1.66108276e-15  8.52944060e-16  2.42739280e-05 |
|      |               |                         |          -1.76309323e-06 -1.53510570e-08  8.65781060e-10]]        |
| Chl6 | [['P1' 'P5']] |   [[0. 3. 4. 5. 8.]]    | [[ 0.00000000e+00 -1.46625284e-12 -2.24085835e-13  4.38965984e-11 |
|      |               |                         |   -1.95072486e-10 -1.53791685e-15  8.62234007e-16  2.29450648e-05 |
|      |               |                         |          -1.74274358e-06 -1.74609920e-08  9.44323243e-10]]        |
| Chl7 | [['P1' 'P5']] |   [[0. 3. 4. 5. 8.]]    | [[ 0.00000000e+00 -1.56505419e-12 -1.86739741e-13  4.62010753e-11 |
|      |               |                         |   -1.75214813e-10 -1.68101511e-15  9.31037662e-16  2.16321294e-05 |
|      |               |                         |          -1.89074698e-06 -1.50968128e-08  8.61420090e-10]]        |
| Chl8 | [['P1' 'P4']] |   [[3. 4. 5. 7. 8.]]    | [[ 0.00000000e+00 -1.46625284e-12 -2.24085835e-13  4.95323437e-11 |
|      |               |                         |   -1.89633309e-10 -1.77154752e-15  8.62234007e-16  2.30896580e-05 |
|      |               |                         |          -2.07621975e-06 -1.74609920e-08  9.44323243e-10]]        |
| Chl9 | [['P1' 'P4']] |   [[3. 4. 5. 7. 8.]]    | [[ 0.00000000e+00 -1.60277377e-12 -2.32571886e-13  4.62010753e-11 |
|      |               |                         |   -1.75214813e-10 -1.68101511e-15  8.88625502e-16  2.29450648e-05 |
|      |               |                         |          -1.89074698e-06 -1.53551500e-08  9.98214034e-10]]        |
+------+---------------+-------------------------+-------------------------------------------------------------------+
+------+-------------------------------------------------------------------+------------------------------+
| s.no |                         Mutated Children                          | Mutated Children main Errors |
+------+-------------------------------------------------------------------+------------------------------+
| Mut0 | [[ 0.00000000e+00 -1.46497950e-12 -2.26871798e-13  4.51590438e-11 |      1004245596008.0835      |
|      |   -1.79680449e-10 -1.45896664e-15  9.97935341e-16  2.29602104e-05 |                              |
|      |          -1.78833047e-06 -1.54453950e-08  8.78777258e-10]]        |                              |
| Mut1 | [[ 0.00000000e+00 -1.58940097e-12 -2.01861072e-13  4.45091678e-11 |      2503312710639.2725      |
|      |   -1.67718240e-10 -1.53791685e-15  9.41464060e-16  2.08046611e-05 |                              |
|      |          -1.76309323e-06 -1.50448879e-08  8.23120406e-10]]        |                              |
| Mut2 | [[ 0.00000000e+00 -1.65142920e-12 -2.31598534e-13  4.59443864e-11 |      619890301946.2384       |
|      |   -1.94484196e-10 -1.47595919e-15  9.56212959e-16  2.11919296e-05 |                              |
|      |          -1.86440742e-06 -1.41948756e-08  8.65781060e-10]]        |                              |
| Mut3 | [[ 0.00000000e+00 -1.47107792e-12 -1.95147938e-13  4.24544508e-11 |      13649692218607.238      |
|      |   -1.83691111e-10 -1.48712334e-15  8.53497799e-16  2.13977455e-05 |                              |
|      |          -1.62628749e-06 -1.60802473e-08  9.02971207e-10]]        |                              |
| Mut4 | [[ 0.00000000e+00 -1.49013470e-12 -2.21425901e-13  4.51599792e-11 |      39529378690598.92       |
|      |   -1.62875507e-10 -1.51807763e-15  1.01316739e-15  1.99521113e-05 |                              |
|      |          -2.16722461e-06 -1.72072047e-08  9.35004111e-10]]        |                              |
| Mut5 | [[ 0.00000000e+00 -1.67531941e-12 -2.33531498e-13  4.76868743e-11 |      8157137255251.869       |
|      |   -1.83901853e-10 -1.69496344e-15  8.68639364e-16  2.53142094e-05 |                              |
|      |          -1.88037929e-06 -1.66673536e-08  8.38795906e-10]]        |                              |
| Mut6 | [[ 0.00000000e+00 -1.36020818e-12 -2.05243660e-13  4.24033929e-11 |      16420346783201.555      |
|      |   -1.95072486e-10 -1.64163303e-15  9.06952811e-16  2.19961299e-05 |                              |
|      |          -1.63989316e-06 -1.89042560e-08  9.73021685e-10]]        |                              |
| Mut7 | [[ 0.00000000e+00 -1.59199882e-12 -1.73449340e-13  4.47712000e-11 |      3526635522945.788       |
|      |   -1.64010969e-10 -1.67893319e-15  1.01191467e-15  2.31034299e-05 |                              |
|      |          -1.91016279e-06 -1.38192173e-08  8.36288379e-10]]        |                              |
| Mut8 | [[ 0.00000000e+00 -1.36628357e-12 -2.23127323e-13  4.76123316e-11 |      26925472161996.61       |
|      |   -2.04094858e-10 -1.62637275e-15  8.07802400e-16  2.32554212e-05 |                              |
|      |          -2.20125980e-06 -1.81988914e-08  9.69343431e-10]]        |                              |
| Mut9 | [[ 0.00000000e+00 -1.61354979e-12 -2.17973958e-13  4.34983952e-11 |      5955705938382.595       |
|      |   -1.65607872e-10 -1.59383767e-15  8.27502672e-16  2.22013858e-05 |                              |
|      |          -2.04570555e-06 -1.57095582e-08  9.26300488e-10]]        |                              |
+------+-------------------------------------------------------------------+------------------------------+
