gen 10:
main error = 330810922986.6852 

table:
+---------+-------------------------------------------------------------------+------------------------+
|  s.no   |                            Population                             | Population main Errors |
+---------+-------------------------------------------------------------------+------------------------+
| Parent0 | [[ 0.00000000e+00 -1.58940097e-12 -2.16798332e-13  4.24544508e-11 |   330810922986.6852    |
|         |   -1.83138872e-10 -1.39967158e-15  1.00827067e-15  2.13977455e-05 |                        |
|         |          -1.76309323e-06 -1.60802473e-08  8.65781060e-10]]        |                        |
| Parent1 | [[ 0.00000000e+00 -1.46625284e-12 -2.24085835e-13  4.62010753e-11 |   333041897305.68665   |
|         |   -1.75214813e-10 -1.68101511e-15  8.62234007e-16  2.29450648e-05 |                        |
|         |          -1.89074698e-06 -1.74609920e-08  9.44323243e-10]]        |                        |
| Parent2 | [[ 0.00000000e+00 -1.54638186e-12 -2.33421823e-13  5.07168606e-11 |   337440321038.0802    |
|         |   -1.76138016e-10 -1.66108276e-15  8.52944060e-16  2.42739280e-05 |                        |
|         |          -2.04268860e-06 -1.53510570e-08  9.59137336e-10]]        |                        |
| Parent3 | [[ 0.00000000e+00 -1.54681571e-12 -2.14234102e-13  4.65044936e-11 |   519654794146.2656    |
|         |   -1.77609412e-10 -1.52316834e-15  9.44571965e-16  2.31224719e-05 |                        |
|         |          -1.89074698e-06 -1.42739834e-08  8.64586176e-10]]        |                        |
| Parent4 | [[ 0.00000000e+00 -1.65142920e-12 -2.31598534e-13  4.59443864e-11 |   619890301946.2384    |
|         |   -1.94484196e-10 -1.47595919e-15  9.56212959e-16  2.11919296e-05 |                        |
|         |          -1.86440742e-06 -1.41948756e-08  8.65781060e-10]]        |                        |
| Parent5 | [[ 0.00000000e+00 -1.60277377e-12 -2.32571886e-13  4.95323437e-11 |   711354069167.3894    |
|         |   -1.89633309e-10 -1.77154752e-15  8.88625502e-16  2.30896580e-05 |                        |
|         |          -2.07621975e-06 -1.53551500e-08  9.98214034e-10]]        |                        |
| Parent6 | [[ 0.00000000e+00 -1.56505419e-12 -1.86739741e-13  4.38965984e-11 |   761765629052.2179    |
|         |   -1.95072486e-10 -1.53791685e-15  9.31037662e-16  2.16321294e-05 |                        |
|         |          -1.74274358e-06 -1.50968128e-08  8.61420090e-10]]        |                        |
| Parent7 | [[ 0.00000000e+00 -1.60869446e-12 -2.15601438e-13  4.82818951e-11 |   790742650379.2181    |
|         |   -1.75607949e-10 -1.47975562e-15  9.17137561e-16  2.31224719e-05 |                        |
|         |          -2.18735909e-06 -1.51174068e-08  1.00930230e-09]]        |                        |
| Parent8 | [[ 0.00000000e+00 -1.71440658e-12 -2.15601438e-13  4.73930397e-11 |   930599925960.7306    |
|         |   -1.64910549e-10 -1.47627333e-15  8.26522983e-16  2.36001517e-05 |                        |
|         |          -2.05338057e-06 -1.59142353e-08  9.57526905e-10]]        |                        |
| Parent9 | [[ 0.00000000e+00 -1.46497950e-12 -2.26871798e-13  4.51590438e-11 |   1004245596008.0835   |
|         |   -1.79680449e-10 -1.45896664e-15  9.97935341e-16  2.29602104e-05 |                        |
|         |          -1.78833047e-06 -1.54453950e-08  8.78777258e-10]]        |                        |
+---------+-------------------------------------------------------------------+------------------------+
+------+---------------+-------------------------+-------------------------------------------------------------------+
| s.no |    Parents    |    Crossover values     |                           Children gen                            |
+------+---------------+-------------------------+-------------------------------------------------------------------+
| Chl0 | [['P0' 'P3']] | [[ 1.  5.  6.  7. 10.]] | [[ 0.00000000e+00 -1.54681571e-12 -2.16798332e-13  4.24544508e-11 |
|      |               |                         |   -1.83138872e-10 -1.52316834e-15  9.44571965e-16  2.31224719e-05 |
|      |               |                         |          -1.76309323e-06 -1.60802473e-08  8.64586176e-10]]        |
| Chl1 | [['P0' 'P3']] | [[ 1.  5.  6.  7. 10.]] | [[ 0.00000000e+00 -1.58940097e-12 -2.14234102e-13  4.65044936e-11 |
|      |               |                         |   -1.77609412e-10 -1.39967158e-15  1.00827067e-15  2.13977455e-05 |
|      |               |                         |          -1.89074698e-06 -1.42739834e-08  8.65781060e-10]]        |
| Chl2 | [['P5' 'P4']] |   [[0. 1. 7. 8. 9.]]    | [[ 0.00000000e+00 -1.65142920e-12 -2.32571886e-13  4.95323437e-11 |
|      |               |                         |   -1.89633309e-10 -1.77154752e-15  8.88625502e-16  2.11919296e-05 |
|      |               |                         |          -1.86440742e-06 -1.41948756e-08  9.98214034e-10]]        |
| Chl3 | [['P5' 'P4']] |   [[0. 1. 7. 8. 9.]]    | [[ 0.00000000e+00 -1.60277377e-12 -2.31598534e-13  4.59443864e-11 |
|      |               |                         |   -1.94484196e-10 -1.47595919e-15  9.56212959e-16  2.30896580e-05 |
|      |               |                         |          -2.07621975e-06 -1.53551500e-08  8.65781060e-10]]        |
| Chl4 | [['P4' 'P1']] | [[ 2.  7.  8.  9. 10.]] | [[ 0.00000000e+00 -1.65142920e-12 -2.24085835e-13  4.59443864e-11 |
|      |               |                         |   -1.94484196e-10 -1.47595919e-15  9.56212959e-16  2.29450648e-05 |
|      |               |                         |          -1.89074698e-06 -1.74609920e-08  9.44323243e-10]]        |
| Chl5 | [['P4' 'P1']] | [[ 2.  7.  8.  9. 10.]] | [[ 0.00000000e+00 -1.46625284e-12 -2.31598534e-13  4.62010753e-11 |
|      |               |                         |   -1.75214813e-10 -1.68101511e-15  8.62234007e-16  2.11919296e-05 |
|      |               |                         |          -1.86440742e-06 -1.41948756e-08  8.65781060e-10]]        |
| Chl6 | [['P5' 'P0']] |   [[2. 3. 4. 7. 8.]]    | [[ 0.00000000e+00 -1.60277377e-12 -2.16798332e-13  4.24544508e-11 |
|      |               |                         |   -1.83138872e-10 -1.77154752e-15  8.88625502e-16  2.13977455e-05 |
|      |               |                         |          -1.76309323e-06 -1.53551500e-08  9.98214034e-10]]        |
| Chl7 | [['P5' 'P0']] |   [[2. 3. 4. 7. 8.]]    | [[ 0.00000000e+00 -1.58940097e-12 -2.32571886e-13  4.95323437e-11 |
|      |               |                         |   -1.89633309e-10 -1.39967158e-15  1.00827067e-15  2.30896580e-05 |
|      |               |                         |          -2.07621975e-06 -1.60802473e-08  8.65781060e-10]]        |
| Chl8 | [['P5' 'P1']] | [[ 0.  1.  6.  9. 10.]] | [[ 0.00000000e+00 -1.46625284e-12 -2.32571886e-13  4.95323437e-11 |
|      |               |                         |   -1.89633309e-10 -1.77154752e-15  8.62234007e-16  2.30896580e-05 |
|      |               |                         |          -2.07621975e-06 -1.74609920e-08  9.44323243e-10]]        |
| Chl9 | [['P5' 'P1']] | [[ 0.  1.  6.  9. 10.]] | [[ 0.00000000e+00 -1.60277377e-12 -2.24085835e-13  4.62010753e-11 |
|      |               |                         |   -1.75214813e-10 -1.68101511e-15  8.88625502e-16  2.29450648e-05 |
|      |               |                         |          -1.89074698e-06 -1.53551500e-08  9.98214034e-10]]        |
+------+---------------+-------------------------+-------------------------------------------------------------------+
+------+-------------------------------------------------------------------+------------------------------+
| s.no |                         Mutated Children                          | Mutated Children main Errors |
+------+-------------------------------------------------------------------+------------------------------+
| Mut0 | [[ 0.00000000e+00 -1.56712618e-12 -2.19303492e-13  4.05982022e-11 |      3812539583522.309       |
|      |   -1.72241222e-10 -1.58425752e-15  8.90237474e-16  2.12835474e-05 |                              |
|      |          -1.80270343e-06 -1.70283703e-08  8.68938592e-10]]        |                              |
| Mut1 | [[ 0.00000000e+00 -1.71137083e-12 -1.97788088e-13  4.65447572e-11 |      12368715756200.21       |
|      |   -1.87290161e-10 -1.35820998e-15  9.48402643e-16  2.13977455e-05 |                              |
|      |          -1.78511279e-06 -1.39026856e-08  9.19596746e-10]]        |                              |
| Mut2 | [[ 0.00000000e+00 -1.70543743e-12 -2.34605355e-13  4.55825947e-11 |      20449326236654.21       |
|      |   -2.02777937e-10 -1.87425494e-15  9.23277869e-16  2.16769336e-05 |                              |
|      |          -1.92260141e-06 -1.32972808e-08  9.98214034e-10]]        |                              |
| Mut3 | [[ 0.00000000e+00 -1.60277377e-12 -2.42997423e-13  4.94680624e-11 |      33200967258537.066      |
|      |   -2.10736122e-10 -1.40184865e-15  1.00649060e-15  2.24181592e-05 |                              |
|      |          -1.96784073e-06 -1.53551500e-08  7.98840584e-10]]        |                              |
| Mut4 | [[ 0.00000000e+00 -1.68136262e-12 -2.13698879e-13  4.63984419e-11 |      2842118947254.988       |
|      |   -2.10238576e-10 -1.47595919e-15  9.56212959e-16  2.18639637e-05 |                              |
|      |          -1.92277775e-06 -1.78283795e-08  1.01181558e-09]]        |                              |
| Mut5 | [[ 0.00000000e+00 -1.42971354e-12 -2.46148606e-13  4.74470540e-11 |      2451681304191.748       |
|      |   -1.60508940e-10 -1.80583245e-15  8.48031556e-16  2.22280834e-05 |                              |
|      |          -1.88831881e-06 -1.42758171e-08  9.25142425e-10]]        |                              |
| Mut6 | [[ 0.00000000e+00 -1.73566094e-12 -2.02833036e-13  4.04025270e-11 |      71377554493766.17       |
|      |   -1.97035990e-10 -1.63661634e-15  8.80872194e-16  2.29017707e-05 |                              |
|      |          -1.60744847e-06 -1.48004762e-08  9.72706182e-10]]        |                              |
| Mut7 | [[ 0.00000000e+00 -1.56096241e-12 -2.19616088e-13  5.18658247e-11 |      1508518435305.2913      |
|      |   -1.73072927e-10 -1.30900736e-15  1.00489235e-15  2.16631285e-05 |                              |
|      |          -1.90849063e-06 -1.73287932e-08  9.30716660e-10]]        |                              |
| Mut8 | [[ 0.00000000e+00 -1.48285392e-12 -2.15531190e-13  4.63763993e-11 |       7054467939077.75       |
|      |   -1.80438777e-10 -1.80599241e-15  9.21317792e-16  2.39869636e-05 |                              |
|      |          -1.93629002e-06 -1.63586265e-08  8.75506836e-10]]        |                              |
| Mut9 | [[ 0.00000000e+00 -1.68461583e-12 -2.10130258e-13  4.46129858e-11 |      343364687868.50415      |
|      |   -1.75817985e-10 -1.62852169e-15  8.89727883e-16  2.30002338e-05 |                              |
|      |          -2.03079619e-06 -1.51527258e-08  9.59476513e-10]]        |                              |
+------+-------------------------------------------------------------------+------------------------------+
