gen 4:
main error = 333041897305.68665(no imporvement from previous generations)

table:
+---------+-------------------------------------------------------------------+------------------------+
|  s.no   |                            Population                             | Population main Errors |
+---------+-------------------------------------------------------------------+------------------------+
| Parent0 | [[ 0.00000000e+00 -1.46625284e-12 -2.24085835e-13  4.62010753e-11 |   333041897305.68665   |
|         |   -1.75214813e-10 -1.68101511e-15  8.62234007e-16  2.29450648e-05 |                        |
|         |          -1.89074698e-06 -1.74609920e-08  9.44323243e-10]]        |                        |
| Parent1 | [[ 0.00000000e+00 -1.54638186e-12 -2.33421823e-13  5.07168606e-11 |   337440321038.0802    |
|         |   -1.76138016e-10 -1.66108276e-15  8.52944060e-16  2.42739280e-05 |                        |
|         |          -2.04268860e-06 -1.53510570e-08  9.59137336e-10]]        |                        |
| Parent2 | [[ 0.00000000e+00 -1.54681571e-12 -2.14234102e-13  4.65044936e-11 |   519654794146.2656    |
|         |   -1.77609412e-10 -1.52316834e-15  9.44571965e-16  2.31224719e-05 |                        |
|         |          -1.89074698e-06 -1.42739834e-08  8.64586176e-10]]        |                        |
| Parent3 | [[ 0.00000000e+00 -1.60277377e-12 -2.32571886e-13  4.95323437e-11 |   711354069167.3894    |
|         |   -1.89633309e-10 -1.77154752e-15  8.88625502e-16  2.30896580e-05 |                        |
|         |          -2.07621975e-06 -1.53551500e-08  9.98214034e-10]]        |                        |
| Parent4 | [[ 0.00000000e+00 -1.57871667e-12 -2.14234102e-13  4.27400442e-11 |   1064036468321.0181   |
|         |   -1.72008143e-10 -1.61528183e-15  9.17663243e-16  2.31224719e-05 |                        |
|         |          -2.04383495e-06 -1.67675829e-08  1.01601182e-09]]        |                        |
| Parent5 | [[ 0.00000000e+00 -1.44399329e-12 -2.13870013e-13  4.27400442e-11 |   1085620673747.7028   |
|         |   -1.64185343e-10 -1.60229929e-15  8.47630052e-16  2.34777966e-05 |                        |
|         |          -2.13229192e-06 -1.76051919e-08  1.06650728e-09]]        |                        |
| Parent6 | [[ 0.00000000e+00 -1.48953056e-12 -2.32571886e-13  5.24556728e-11 |   1969962196994.8342   |
|         |   -1.84134272e-10 -1.74882046e-15  8.88625502e-16  2.51106628e-05 |                        |
|         |          -1.86549917e-06 -1.57672107e-08  9.15482291e-10]]        |                        |
| Parent7 | [[ 0.00000000e+00 -1.42145287e-12 -2.24085835e-13  4.62010753e-11 |   2032692024785.085    |
|         |   -1.89785071e-10 -1.84486238e-15  8.27512864e-16  2.21047529e-05 |                        |
|         |          -1.84641357e-06 -1.91506320e-08  9.44215818e-10]]        |                        |
| Parent8 | [[ 0.00000000e+00 -1.62249011e-12 -2.03489950e-13  4.57456541e-11 |   2235610175397.715    |
|         |   -1.60240534e-10 -1.64287860e-15  8.15285072e-16  2.19676454e-05 |                        |
|         |          -2.17176849e-06 -1.59792834e-08  1.01452674e-09]]        |                        |
| Parent9 | [[ 0.00000000e+00 -1.75902830e-12 -2.55620230e-13  5.29710350e-11 |   3328021428886.0234   |
|         |   -1.72771653e-10 -1.77154752e-15  8.88625502e-16  2.48030525e-05 |                        |
|         |          -1.81538071e-06 -1.65915569e-08  8.40921686e-10]]        |                        |
+---------+-------------------------------------------------------------------+------------------------+
+------+---------------+--------------------+-------------------------------------------------------------------+
| s.no |    Parents    |  Crossover values  |                           Children gen                            |
+------+---------------+--------------------+-------------------------------------------------------------------+
| Chl0 | [['P1' 'P2']] | [[2. 4. 6. 7. 8.]] | [[ 0.00000000e+00 -1.54638186e-12 -2.14234102e-13  5.07168606e-11 |
|      |               |                    |   -1.77609412e-10 -1.66108276e-15  9.44571965e-16  2.31224719e-05 |
|      |               |                    |          -1.89074698e-06 -1.53510570e-08  9.59137336e-10]]        |
| Chl1 | [['P1' 'P2']] | [[2. 4. 6. 7. 8.]] | [[ 0.00000000e+00 -1.54681571e-12 -2.33421823e-13  4.65044936e-11 |
|      |               |                    |   -1.76138016e-10 -1.52316834e-15  8.52944060e-16  2.42739280e-05 |
|      |               |                    |          -2.04268860e-06 -1.42739834e-08  8.64586176e-10]]        |
| Chl2 | [['P1' 'P2']] | [[0. 1. 5. 8. 9.]] | [[ 0.00000000e+00 -1.54681571e-12 -2.33421823e-13  5.07168606e-11 |
|      |               |                    |   -1.76138016e-10 -1.52316834e-15  8.52944060e-16  2.42739280e-05 |
|      |               |                    |          -1.89074698e-06 -1.42739834e-08  9.59137336e-10]]        |
| Chl3 | [['P1' 'P2']] | [[0. 1. 5. 8. 9.]] | [[ 0.00000000e+00 -1.54638186e-12 -2.14234102e-13  4.65044936e-11 |
|      |               |                    |   -1.77609412e-10 -1.66108276e-15  9.44571965e-16  2.31224719e-05 |
|      |               |                    |          -2.04268860e-06 -1.53510570e-08  8.64586176e-10]]        |
| Chl4 | [['P0' 'P5']] | [[0. 1. 2. 7. 8.]] | [[ 0.00000000e+00 -1.44399329e-12 -2.13870013e-13  4.62010753e-11 |
|      |               |                    |   -1.75214813e-10 -1.68101511e-15  8.62234007e-16  2.34777966e-05 |
|      |               |                    |          -2.13229192e-06 -1.74609920e-08  9.44323243e-10]]        |
| Chl5 | [['P0' 'P5']] | [[0. 1. 2. 7. 8.]] | [[ 0.00000000e+00 -1.46625284e-12 -2.24085835e-13  4.27400442e-11 |
|      |               |                    |   -1.64185343e-10 -1.60229929e-15  8.47630052e-16  2.29450648e-05 |
|      |               |                    |          -1.89074698e-06 -1.76051919e-08  1.06650728e-09]]        |
| Chl6 | [['P5' 'P1']] | [[0. 1. 4. 5. 6.]] | [[ 0.00000000e+00 -1.54638186e-12 -2.13870013e-13  4.27400442e-11 |
|      |               |                    |   -1.76138016e-10 -1.66108276e-15  8.52944060e-16  2.34777966e-05 |
|      |               |                    |          -2.13229192e-06 -1.76051919e-08  1.06650728e-09]]        |
| Chl7 | [['P5' 'P1']] | [[0. 1. 4. 5. 6.]] | [[ 0.00000000e+00 -1.44399329e-12 -2.33421823e-13  5.07168606e-11 |
|      |               |                    |   -1.64185343e-10 -1.60229929e-15  8.47630052e-16  2.42739280e-05 |
|      |               |                    |          -2.04268860e-06 -1.53510570e-08  9.59137336e-10]]        |
| Chl8 | [['P0' 'P2']] | [[0. 4. 5. 6. 7.]] | [[ 0.00000000e+00 -1.46625284e-12 -2.24085835e-13  4.62010753e-11 |
|      |               |                    |   -1.77609412e-10 -1.52316834e-15  9.44571965e-16  2.31224719e-05 |
|      |               |                    |          -1.89074698e-06 -1.74609920e-08  9.44323243e-10]]        |
| Chl9 | [['P0' 'P2']] | [[0. 4. 5. 6. 7.]] | [[ 0.00000000e+00 -1.54681571e-12 -2.14234102e-13  4.65044936e-11 |
|      |               |                    |   -1.75214813e-10 -1.68101511e-15  8.62234007e-16  2.29450648e-05 |
|      |               |                    |          -1.89074698e-06 -1.42739834e-08  8.64586176e-10]]        |
+------+---------------+--------------------+-------------------------------------------------------------------+
+------+-------------------------------------------------------------------+------------------------------+
| s.no |                         Mutated Children                          | Mutated Children main Errors |
+------+-------------------------------------------------------------------+------------------------------+
| Mut0 | [[ 0.00000000e+00 -1.68133695e-12 -2.14234102e-13  5.45543601e-11 |      18281427608142.03       |
|      |   -1.78782234e-10 -1.69942271e-15  8.54895634e-16  2.09597620e-05 |                              |
|      |          -1.76136892e-06 -1.51270482e-08  9.63620823e-10]]        |                              |
| Mut1 | [[ 0.00000000e+00 -1.49006972e-12 -2.45119499e-13  4.63546779e-11 |      48554114177054.75       |
|      |   -1.82113813e-10 -1.42410027e-15  7.87644679e-16  2.36426295e-05 |                              |
|      |          -2.19613766e-06 -1.56807600e-08  8.64586176e-10]]        |                              |
| Mut2 | [[ 0.00000000e+00 -1.61717807e-12 -2.31138598e-13  4.70077829e-11 |      13407504339876.676      |
|      |   -1.91683175e-10 -1.41282064e-15  8.19297777e-16  2.52299754e-05 |                              |
|      |          -1.79043296e-06 -1.49877725e-08  9.14985420e-10]]        |                              |
| Mut3 | [[ 0.00000000e+00 -1.48662555e-12 -2.19190605e-13  5.02920822e-11 |      5398836150341.802       |
|      |   -1.79640055e-10 -1.63299211e-15  9.94267012e-16  2.35910129e-05 |                              |
|      |          -1.95633643e-06 -1.55262180e-08  8.75008689e-10]]        |                              |
| Mut4 | [[ 0.00000000e+00 -1.35625210e-12 -2.06928979e-13  4.16552813e-11 |      31504977272086.664      |
|      |   -1.64325388e-10 -1.79567476e-15  9.17683194e-16  2.11376469e-05 |                              |
|      |          -2.27773435e-06 -1.77725684e-08  1.00576804e-09]]        |                              |
| Mut5 | [[ 0.00000000e+00 -1.55137921e-12 -2.26177803e-13  4.67524225e-11 |      144539778840361.16      |
|      |   -1.64373110e-10 -1.70755212e-15  9.20497848e-16  2.19115560e-05 |                              |
|      |          -1.70957567e-06 -1.75759787e-08  1.16966003e-09]]        |                              |
| Mut6 | [[ 0.00000000e+00 -1.42340638e-12 -2.13445806e-13  3.86701799e-11 |      1580840354292.637       |
|      |   -1.69089826e-10 -1.79474910e-15  8.46638111e-16  2.47997007e-05 |                              |
|      |          -2.08326918e-06 -1.76548823e-08  9.93830784e-10]]        |                              |
| Mut7 | [[ 0.00000000e+00 -1.35402216e-12 -2.22401248e-13  4.59172510e-11 |      11197883379877.887      |
|      |   -1.64185343e-10 -1.61413653e-15  8.38388391e-16  2.66075720e-05 |                              |
|      |          -2.03796287e-06 -1.62585567e-08  8.73183985e-10]]        |                              |
| Mut8 | [[ 0.00000000e+00 -1.51186399e-12 -2.04995554e-13  4.62010753e-11 |      1042482499497.7169      |
|      |   -1.92494943e-10 -1.63339192e-15  9.50309649e-16  2.53562313e-05 |                              |
|      |          -1.97566450e-06 -1.76165458e-08  9.85965287e-10]]        |                              |
| Mut9 | [[ 0.00000000e+00 -1.58929551e-12 -1.94210925e-13  4.47817891e-11 |      3749434981696.2734      |
|      |   -1.64896496e-10 -1.75415762e-15  8.16292490e-16  2.28471726e-05 |                              |
|      |          -1.89074698e-06 -1.51004483e-08  8.56698397e-10]]        |                              |
+------+-------------------------------------------------------------------+------------------------------+
