gen 2: 
main error = 333041897305.68665 (no imporvement from gen 1)

table : 
+---------+-------------------------------------------------------------------+------------------------+
|  s.no   |                            Population                             | Population main Errors |
+---------+-------------------------------------------------------------------+------------------------+
| Parent0 | [[ 0.00000000e+00 -1.46625284e-12 -2.24085835e-13  4.62010753e-11 |   333041897305.68665   |
|         |   -1.75214813e-10 -1.68101511e-15  8.62234007e-16  2.29450648e-05 |                        |
|         |          -1.89074698e-06 -1.74609920e-08  9.44323243e-10]]        |                        |
| Parent1 | [[ 0.00000000e+00 -1.54638186e-12 -2.33421823e-13  5.07168606e-11 |   337440321038.0802    |
|         |   -1.76138016e-10 -1.66108276e-15  8.52944060e-16  2.42739280e-05 |                        |
|         |          -2.04268860e-06 -1.53510570e-08  9.59137336e-10]]        |                        |
| Parent2 | [[ 0.00000000e+00 -1.54681571e-12 -2.14234102e-13  4.65044936e-11 |   519654794146.2656    |
|         |   -1.77609412e-10 -1.52316834e-15  9.44571965e-16  2.31224719e-05 |                        |
|         |          -1.89074698e-06 -1.42739834e-08  8.64586176e-10]]        |                        |
| Parent3 | [[ 0.00000000e+00 -1.60277377e-12 -2.32571886e-13  4.95323437e-11 |   711354069167.3894    |
|         |   -1.89633309e-10 -1.77154752e-15  8.88625502e-16  2.30896580e-05 |                        |
|         |          -2.07621975e-06 -1.53551500e-08  9.98214034e-10]]        |                        |
| Parent4 | [[ 0.00000000e+00 -1.39091730e-12 -2.19723122e-13  4.62010753e-11 |   2997073414199.9053   |
|         |   -1.75214813e-10 -1.68130368e-15  8.54065474e-16  2.18931329e-05 |                        |
|         |          -2.04893438e-06 -1.72790527e-08  1.05932261e-09]]        |                        |
| Parent5 | [[ 0.00000000e+00 -1.48079693e-12 -2.36082776e-13  4.98806477e-11 |   3449083062871.125    |
|         |   -1.65530615e-10 -1.74882046e-15  7.94201383e-16  2.30592951e-05 |                        |
|         |          -2.04721003e-06 -1.59792834e-08  9.42541333e-10]]        |                        |
| Parent6 | [[ 0.00000000e+00 -1.41802174e-12 -2.32571886e-13  4.75064157e-11 |   3939058175700.794    |
|         |   -2.04000246e-10 -1.94077428e-15  8.85087088e-16  2.29450648e-05 |                        |
|         |          -2.08621686e-06 -1.84078435e-08  1.01179282e-09]]        |                        |
| Parent7 | [[ 0.00000000e+00 -1.39091730e-12 -2.59383936e-13  4.41595186e-11 |   4569287108344.484    |
|         |   -1.63945778e-10 -1.82753712e-15  8.21961287e-16  2.08520099e-05 |                        |
|         |          -2.02384069e-06 -1.63507861e-08  9.54682734e-10]]        |                        |
| Parent8 | [[ 0.00000000e+00 -1.49368371e-12 -2.46662179e-13  5.28036221e-11 |   5351621456872.674    |
|         |   -1.68441270e-10 -1.68913573e-15  7.85736052e-16  2.07810828e-05 |                        |
|         |          -1.97125419e-06 -1.71764483e-08  9.42541333e-10]]        |                        |
| Parent9 | [[ 0.00000000e+00 -1.38479452e-12 -2.56913219e-13  5.11140103e-11 |   5783190018493.847    |
|         |   -1.59346852e-10 -1.73818072e-15  7.19787363e-16  2.08086677e-05 |                        |
|         |          -2.17126384e-06 -1.44795808e-08  9.71894274e-10]]        |                        |
+---------+-------------------------------------------------------------------+------------------------+
+------+---------------+-------------------------+-------------------------------------------------------------------+
| s.no |    Parents    |    Crossover values     |                           Children gen                            |
+------+---------------+-------------------------+-------------------------------------------------------------------+
| Chl0 | [['P2' 'P0']] | [[ 0.  1.  7.  9. 10.]] | [[ 0.00000000e+00 -1.46625284e-12 -2.14234102e-13  4.65044936e-11 |
|      |               |                         |   -1.77609412e-10 -1.52316834e-15  9.44571965e-16  2.29450648e-05 |
|      |               |                         |          -1.89074698e-06 -1.74609920e-08  9.44323243e-10]]        |
| Chl1 | [['P2' 'P0']] | [[ 0.  1.  7.  9. 10.]] | [[ 0.00000000e+00 -1.54681571e-12 -2.24085835e-13  4.62010753e-11 |
|      |               |                         |   -1.75214813e-10 -1.68101511e-15  8.62234007e-16  2.31224719e-05 |
|      |               |                         |          -1.89074698e-06 -1.42739834e-08  8.64586176e-10]]        |
| Chl2 | [['P5' 'P3']] |   [[1. 2. 4. 6. 7.]]    | [[ 0.00000000e+00 -1.60277377e-12 -2.32571886e-13  4.98806477e-11 |
|      |               |                         |   -1.89633309e-10 -1.74882046e-15  8.88625502e-16  2.30896580e-05 |
|      |               |                         |          -2.04721003e-06 -1.59792834e-08  9.42541333e-10]]        |
| Chl3 | [['P5' 'P3']] |   [[1. 2. 4. 6. 7.]]    | [[ 0.00000000e+00 -1.48079693e-12 -2.36082776e-13  4.95323437e-11 |
|      |               |                         |   -1.65530615e-10 -1.77154752e-15  7.94201383e-16  2.30592951e-05 |
|      |               |                         |          -2.07621975e-06 -1.53551500e-08  9.98214034e-10]]        |
| Chl4 | [['P2' 'P5']] |   [[1. 2. 3. 6. 7.]]    | [[ 0.00000000e+00 -1.48079693e-12 -2.36082776e-13  4.98806477e-11 |
|      |               |                         |   -1.77609412e-10 -1.52316834e-15  7.94201383e-16  2.30592951e-05 |
|      |               |                         |          -1.89074698e-06 -1.42739834e-08  8.64586176e-10]]        |
| Chl5 | [['P2' 'P5']] |   [[1. 2. 3. 6. 7.]]    | [[ 0.00000000e+00 -1.54681571e-12 -2.14234102e-13  4.65044936e-11 |
|      |               |                         |   -1.65530615e-10 -1.74882046e-15  9.44571965e-16  2.31224719e-05 |
|      |               |                         |          -2.04721003e-06 -1.59792834e-08  9.42541333e-10]]        |
| Chl6 | [['P4' 'P0']] |   [[0. 1. 3. 4. 8.]]    | [[ 0.00000000e+00 -1.46625284e-12 -2.19723122e-13  4.62010753e-11 |
|      |               |                         |   -1.75214813e-10 -1.68130368e-15  8.54065474e-16  2.18931329e-05 |
|      |               |                         |          -1.89074698e-06 -1.72790527e-08  1.05932261e-09]]        |
| Chl7 | [['P4' 'P0']] |   [[0. 1. 3. 4. 8.]]    | [[ 0.00000000e+00 -1.39091730e-12 -2.24085835e-13  4.62010753e-11 |
|      |               |                         |   -1.75214813e-10 -1.68101511e-15  8.62234007e-16  2.29450648e-05 |
|      |               |                         |          -2.04893438e-06 -1.74609920e-08  9.44323243e-10]]        |
| Chl8 | [['P4' 'P5']] | [[ 2.  3.  4.  6. 10.]] | [[ 0.00000000e+00 -1.39091730e-12 -2.36082776e-13  4.98806477e-11 |
|      |               |                         |   -1.65530615e-10 -1.68130368e-15  7.94201383e-16  2.18931329e-05 |
|      |               |                         |          -2.04893438e-06 -1.72790527e-08  9.42541333e-10]]        |
| Chl9 | [['P4' 'P5']] | [[ 2.  3.  4.  6. 10.]] | [[ 0.00000000e+00 -1.48079693e-12 -2.19723122e-13  4.62010753e-11 |
|      |               |                         |   -1.75214813e-10 -1.74882046e-15  8.54065474e-16  2.30592951e-05 |
|      |               |                         |          -2.04721003e-06 -1.59792834e-08  1.05932261e-09]]        |
+------+---------------+-------------------------+-------------------------------------------------------------------+
+------+-------------------------------------------------------------------+------------------------------+
| s.no |                         Mutated Children                          | Mutated Children main Errors |
+------+-------------------------------------------------------------------+------------------------------+
| Mut0 | [[ 0.00000000e+00 -1.36080069e-12 -1.97558716e-13  4.65044936e-11 |      7845627275703.552       |
|      |   -1.80466501e-10 -1.44473791e-15  9.44571965e-16  2.45475900e-05 |                              |
|      |          -2.04181315e-06 -1.60797252e-08  8.99303361e-10]]        |                              |
| Mut1 | [[ 0.00000000e+00 -1.62662254e-12 -2.18115307e-13  4.59055600e-11 |      3824480051449.0107      |
|      |   -1.65111806e-10 -1.68101511e-15  8.85339686e-16  2.22153364e-05 |                              |
|      |          -1.78283084e-06 -1.39061685e-08  7.89243632e-10]]        |                              |
| Mut2 | [[ 0.00000000e+00 -1.48953056e-12 -2.32571886e-13  5.24556728e-11 |      1969962196994.8342      |
|      |   -1.84134272e-10 -1.74882046e-15  8.88625502e-16  2.51106628e-05 |                              |
|      |          -1.86549917e-06 -1.57672107e-08  9.15482291e-10]]        |                              |
| Mut3 | [[ 0.00000000e+00 -1.61634398e-12 -2.58214001e-13  4.61038726e-11 |      13943892388928.867      |
|      |   -1.79690619e-10 -1.77505241e-15  7.36181001e-16  2.31835537e-05 |                              |
|      |          -2.07621975e-06 -1.65828039e-08  9.20771247e-10]]        |                              |
| Mut4 | [[ 0.00000000e+00 -1.37390633e-12 -2.35168317e-13  5.29145583e-11 |      3333000062284.159       |
|      |   -1.76178825e-10 -1.54447283e-15  8.56318653e-16  2.29183905e-05 |                              |
|      |          -1.92512986e-06 -1.38123280e-08  8.42702863e-10]]        |                              |
| Mut5 | [[ 0.00000000e+00 -1.57871667e-12 -2.14234102e-13  4.27400442e-11 |      1064036468321.0181      |
|      |   -1.72008143e-10 -1.61528183e-15  9.17663243e-16  2.31224719e-05 |                              |
|      |          -2.04383495e-06 -1.67675829e-08  1.01601182e-09]]        |                              |
| Mut6 | [[ 0.00000000e+00 -1.47623875e-12 -2.28168883e-13  4.56783509e-11 |      86965574128503.73       |
|      |   -1.64801772e-10 -1.60129069e-15  9.06874766e-16  2.40588126e-05 |                              |
|      |          -1.81936881e-06 -1.77278276e-08  1.13413719e-09]]        |                              |
| Mut7 | [[ 0.00000000e+00 -1.42145287e-12 -2.24085835e-13  4.62010753e-11 |      2032692024785.085       |
|      |   -1.89785071e-10 -1.84486238e-15  8.27512864e-16  2.21047529e-05 |                              |
|      |          -1.84641357e-06 -1.91506320e-08  9.44215818e-10]]        |                              |
| Mut8 | [[ 0.00000000e+00 -1.36283080e-12 -2.58181767e-13  5.27996285e-11 |      11441947892390.127      |
|      |   -1.57291408e-10 -1.83513753e-15  7.33277697e-16  2.18931329e-05 |                              |
|      |          -2.16491206e-06 -1.70325728e-08  9.89897112e-10]]        |                              |
| Mut9 | [[ 0.00000000e+00 -1.62249011e-12 -2.03489950e-13  4.57456541e-11 |      2235610175397.715       |
|      |   -1.60240534e-10 -1.64287860e-15  8.15285072e-16  2.19676454e-05 |                              |
|      |          -2.17176849e-06 -1.59792834e-08  1.01452674e-09]]        |                              |
+------+-------------------------------------------------------------------+------------------------------+

