gen 3:
main error = 333041897305.68665 (no imporvement from previous generations)

table:

+---------+-------------------------------------------------------------------+------------------------+
|  s.no   |                            Population                             | Population main Errors |
+---------+-------------------------------------------------------------------+------------------------+
| Parent0 | [[ 0.00000000e+00 -1.46625284e-12 -2.24085835e-13  4.62010753e-11 |   333041897305.68665   |
|         |   -1.75214813e-10 -1.68101511e-15  8.62234007e-16  2.29450648e-05 |                        |
|         |          -1.89074698e-06 -1.74609920e-08  9.44323243e-10]]        |                        |
| Parent1 | [[ 0.00000000e+00 -1.54638186e-12 -2.33421823e-13  5.07168606e-11 |   337440321038.0802    |
|         |   -1.76138016e-10 -1.66108276e-15  8.52944060e-16  2.42739280e-05 |                        |
|         |          -2.04268860e-06 -1.53510570e-08  9.59137336e-10]]        |                        |
| Parent2 | [[ 0.00000000e+00 -1.54681571e-12 -2.14234102e-13  4.65044936e-11 |   519654794146.2656    |
|         |   -1.77609412e-10 -1.52316834e-15  9.44571965e-16  2.31224719e-05 |                        |
|         |          -1.89074698e-06 -1.42739834e-08  8.64586176e-10]]        |                        |
| Parent3 | [[ 0.00000000e+00 -1.60277377e-12 -2.32571886e-13  4.95323437e-11 |   711354069167.3894    |
|         |   -1.89633309e-10 -1.77154752e-15  8.88625502e-16  2.30896580e-05 |                        |
|         |          -2.07621975e-06 -1.53551500e-08  9.98214034e-10]]        |                        |
| Parent4 | [[ 0.00000000e+00 -1.57871667e-12 -2.14234102e-13  4.27400442e-11 |   1064036468321.0181   |
|         |   -1.72008143e-10 -1.61528183e-15  9.17663243e-16  2.31224719e-05 |                        |
|         |          -2.04383495e-06 -1.67675829e-08  1.01601182e-09]]        |                        |
| Parent5 | [[ 0.00000000e+00 -1.48953056e-12 -2.32571886e-13  5.24556728e-11 |   1969962196994.8342   |
|         |   -1.84134272e-10 -1.74882046e-15  8.88625502e-16  2.51106628e-05 |                        |
|         |          -1.86549917e-06 -1.57672107e-08  9.15482291e-10]]        |                        |
| Parent6 | [[ 0.00000000e+00 -1.42145287e-12 -2.24085835e-13  4.62010753e-11 |   2032692024785.085    |
|         |   -1.89785071e-10 -1.84486238e-15  8.27512864e-16  2.21047529e-05 |                        |
|         |          -1.84641357e-06 -1.91506320e-08  9.44215818e-10]]        |                        |
| Parent7 | [[ 0.00000000e+00 -1.62249011e-12 -2.03489950e-13  4.57456541e-11 |   2235610175397.715    |
|         |   -1.60240534e-10 -1.64287860e-15  8.15285072e-16  2.19676454e-05 |                        |
|         |          -2.17176849e-06 -1.59792834e-08  1.01452674e-09]]        |                        |
| Parent8 | [[ 0.00000000e+00 -1.39091730e-12 -2.19723122e-13  4.62010753e-11 |   2997073414199.9053   |
|         |   -1.75214813e-10 -1.68130368e-15  8.54065474e-16  2.18931329e-05 |                        |
|         |          -2.04893438e-06 -1.72790527e-08  1.05932261e-09]]        |                        |
| Parent9 | [[ 0.00000000e+00 -1.37390633e-12 -2.35168317e-13  5.29145583e-11 |   3333000062284.159    |
|         |   -1.76178825e-10 -1.54447283e-15  8.56318653e-16  2.29183905e-05 |                        |
|         |          -1.92512986e-06 -1.38123280e-08  8.42702863e-10]]        |                        |
+---------+-------------------------------------------------------------------+------------------------+
+------+---------------+-------------------------+-------------------------------------------------------------------+
| s.no |    Parents    |    Crossover values     |                           Children gen                            |
+------+---------------+-------------------------+-------------------------------------------------------------------+
| Chl0 | [['P4' 'P5']] | [[ 1.  2.  3.  4. 10.]] | [[ 0.00000000e+00 -1.48953056e-12 -2.32571886e-13  5.24556728e-11 |
|      |               |                         |   -1.84134272e-10 -1.61528183e-15  9.17663243e-16  2.31224719e-05 |
|      |               |                         |          -2.04383495e-06 -1.67675829e-08  9.15482291e-10]]        |
| Chl1 | [['P4' 'P5']] | [[ 1.  2.  3.  4. 10.]] | [[ 0.00000000e+00 -1.57871667e-12 -2.14234102e-13  4.27400442e-11 |
|      |               |                         |   -1.72008143e-10 -1.74882046e-15  8.88625502e-16  2.51106628e-05 |
|      |               |                         |          -1.86549917e-06 -1.57672107e-08  1.01601182e-09]]        |
| Chl2 | [['P3' 'P2']] | [[ 0.  1.  3.  6. 10.]] | [[ 0.00000000e+00 -1.54681571e-12 -2.32571886e-13  4.65044936e-11 |
|      |               |                         |   -1.89633309e-10 -1.77154752e-15  9.44571965e-16  2.30896580e-05 |
|      |               |                         |          -2.07621975e-06 -1.53551500e-08  8.64586176e-10]]        |
| Chl3 | [['P3' 'P2']] | [[ 0.  1.  3.  6. 10.]] | [[ 0.00000000e+00 -1.60277377e-12 -2.14234102e-13  4.95323437e-11 |
|      |               |                         |   -1.77609412e-10 -1.52316834e-15  8.88625502e-16  2.31224719e-05 |
|      |               |                         |          -1.89074698e-06 -1.42739834e-08  9.98214034e-10]]        |
| Chl4 | [['P2' 'P4']] | [[ 3.  6.  8.  9. 10.]] | [[ 0.00000000e+00 -1.54681571e-12 -2.14234102e-13  4.27400442e-11 |
|      |               |                         |   -1.77609412e-10 -1.52316834e-15  9.17663243e-16  2.31224719e-05 |
|      |               |                         |          -2.04383495e-06 -1.67675829e-08  1.01601182e-09]]        |
| Chl5 | [['P2' 'P4']] | [[ 3.  6.  8.  9. 10.]] | [[ 0.00000000e+00 -1.57871667e-12 -2.14234102e-13  4.65044936e-11 |
|      |               |                         |   -1.72008143e-10 -1.61528183e-15  9.44571965e-16  2.31224719e-05 |
|      |               |                         |          -1.89074698e-06 -1.42739834e-08  8.64586176e-10]]        |
| Chl6 | [['P4' 'P5']] |   [[0. 1. 2. 7. 9.]]    | [[ 0.00000000e+00 -1.48953056e-12 -2.32571886e-13  4.27400442e-11 |
|      |               |                         |   -1.72008143e-10 -1.61528183e-15  9.17663243e-16  2.51106628e-05 |
|      |               |                         |          -2.04383495e-06 -1.57672107e-08  1.01601182e-09]]        |
| Chl7 | [['P4' 'P5']] |   [[0. 1. 2. 7. 9.]]    | [[ 0.00000000e+00 -1.57871667e-12 -2.14234102e-13  5.24556728e-11 |
|      |               |                         |   -1.84134272e-10 -1.74882046e-15  8.88625502e-16  2.31224719e-05 |
|      |               |                         |          -1.86549917e-06 -1.67675829e-08  9.15482291e-10]]        |
| Chl8 | [['P3' 'P5']] |   [[0. 1. 3. 5. 7.]]    | [[ 0.00000000e+00 -1.48953056e-12 -2.32571886e-13  5.24556728e-11 |
|      |               |                         |   -1.89633309e-10 -1.74882046e-15  8.88625502e-16  2.51106628e-05 |
|      |               |                         |          -2.07621975e-06 -1.53551500e-08  9.98214034e-10]]        |
| Chl9 | [['P3' 'P5']] |   [[0. 1. 3. 5. 7.]]    | [[ 0.00000000e+00 -1.60277377e-12 -2.32571886e-13  4.95323437e-11 |
|      |               |                         |   -1.84134272e-10 -1.77154752e-15  8.88625502e-16  2.30896580e-05 |
|      |               |                         |          -1.86549917e-06 -1.57672107e-08  9.15482291e-10]]        |
+------+---------------+-------------------------+-------------------------------------------------------------------+
+------+-------------------------------------------------------------------+------------------------------+
| s.no |                         Mutated Children                          | Mutated Children main Errors |
+------+-------------------------------------------------------------------+------------------------------+
| Mut0 | [[ 0.00000000e+00 -1.61444743e-12 -2.39323242e-13  5.24556728e-11 |      7370349014400.739       |
|      |   -1.92425365e-10 -1.53399169e-15  8.47943547e-16  2.19411910e-05 |                              |
|      |          -1.86310512e-06 -1.75378772e-08  8.79694562e-10]]        |                              |
| Mut1 | [[ 0.00000000e+00 -1.63057058e-12 -2.34112142e-13  4.58710854e-11 |      3442347331080.217       |
|      |   -1.62045428e-10 -1.78847396e-15  9.35569619e-16  2.53030803e-05 |                              |
|      |          -1.92936188e-06 -1.52920603e-08  9.43467914e-10]]        |                              |
| Mut2 | [[ 0.00000000e+00 -1.54681571e-12 -2.20608078e-13  5.07034661e-11 |      8438135113112.913       |
|      |   -1.89082804e-10 -1.67779341e-15  8.59392528e-16  2.19494932e-05 |                              |
|      |          -2.07621975e-06 -1.60889197e-08  9.39912217e-10]]        |                              |
| Mut3 | [[ 0.00000000e+00 -1.60277377e-12 -2.14234102e-13  4.47236025e-11 |      84733149924282.31       |
|      |   -1.81026221e-10 -1.41179367e-15  9.02697333e-16  2.16107620e-05 |                              |
|      |          -1.89074698e-06 -1.35238381e-08  1.09300434e-09]]        |                              |
| Mut4 | [[ 0.00000000e+00 -1.44399329e-12 -2.13870013e-13  4.27400442e-11 |      1085620673747.7028      |
|      |   -1.64185343e-10 -1.60229929e-15  8.47630052e-16  2.34777966e-05 |                              |
|      |          -2.13229192e-06 -1.76051919e-08  1.06650728e-09]]        |                              |
| Mut5 | [[ 0.00000000e+00 -1.63829826e-12 -2.17042086e-13  4.49793700e-11 |      14982414981926.234      |
|      |   -1.75882569e-10 -1.56831158e-15  9.04333572e-16  2.40295858e-05 |                              |
|      |          -1.89074698e-06 -1.50684406e-08  7.94435144e-10]]        |                              |
| Mut6 | [[ 0.00000000e+00 -1.57047493e-12 -2.52604012e-13  4.00823420e-11 |      5985865028817.844       |
|      |   -1.72162112e-10 -1.60689885e-15  9.28243965e-16  2.51106628e-05 |                              |
|      |          -2.10956348e-06 -1.68491796e-08  9.51546810e-10]]        |                              |
| Mut7 | [[ 0.00000000e+00 -1.53261413e-12 -2.14234102e-13  5.13414875e-11 |      12426073802685.771      |
|      |   -1.84134272e-10 -1.62048833e-15  9.15241226e-16  2.27106581e-05 |                              |
|      |          -1.83645353e-06 -1.67675829e-08  8.27371744e-10]]        |                              |
| Mut8 | [[ 0.00000000e+00 -1.48953056e-12 -2.46185422e-13  5.60918191e-11 |      17851424101937.543      |
|      |   -1.87191805e-10 -1.74882046e-15  8.88625502e-16  2.48513322e-05 |                              |
|      |          -1.90561572e-06 -1.64464610e-08  1.01815532e-09]]        |                              |
| Mut9 | [[ 0.00000000e+00 -1.75902830e-12 -2.55620230e-13  5.29710350e-11 |      3328021428886.0234      |
|      |   -1.72771653e-10 -1.77154752e-15  8.88625502e-16  2.48030525e-05 |                              |
|      |          -1.81538071e-06 -1.65915569e-08  8.40921686e-10]]        |                              |
+------+-------------------------------------------------------------------+------------------------------+
