gen 6:
main error = 333041897305.68665

table:
+---------+-------------------------------------------------------------------+------------------------+
|  s.no   |                            Population                             | Population main Errors |
+---------+-------------------------------------------------------------------+------------------------+
| Parent0 | [[ 0.00000000e+00 -1.46625284e-12 -2.24085835e-13  4.62010753e-11 |   333041897305.68665   |
|         |   -1.75214813e-10 -1.68101511e-15  8.62234007e-16  2.29450648e-05 |                        |
|         |          -1.89074698e-06 -1.74609920e-08  9.44323243e-10]]        |                        |
| Parent1 | [[ 0.00000000e+00 -1.54638186e-12 -2.33421823e-13  5.07168606e-11 |   337440321038.0802    |
|         |   -1.76138016e-10 -1.66108276e-15  8.52944060e-16  2.42739280e-05 |                        |
|         |          -2.04268860e-06 -1.53510570e-08  9.59137336e-10]]        |                        |
| Parent2 | [[ 0.00000000e+00 -1.54681571e-12 -2.14234102e-13  4.65044936e-11 |   519654794146.2656    |
|         |   -1.77609412e-10 -1.52316834e-15  9.44571965e-16  2.31224719e-05 |                        |
|         |          -1.89074698e-06 -1.42739834e-08  8.64586176e-10]]        |                        |
| Parent3 | [[ 0.00000000e+00 -1.60277377e-12 -2.32571886e-13  4.95323437e-11 |   711354069167.3894    |
|         |   -1.89633309e-10 -1.77154752e-15  8.88625502e-16  2.30896580e-05 |                        |
|         |          -2.07621975e-06 -1.53551500e-08  9.98214034e-10]]        |                        |
| Parent4 | [[ 0.00000000e+00 -1.56505419e-12 -1.86739741e-13  4.38965984e-11 |   761765629052.2179    |
|         |   -1.95072486e-10 -1.53791685e-15  9.31037662e-16  2.16321294e-05 |                        |
|         |          -1.74274358e-06 -1.50968128e-08  8.61420090e-10]]        |                        |
| Parent5 | [[ 0.00000000e+00 -1.60869446e-12 -2.15601438e-13  4.82818951e-11 |   790742650379.2181    |
|         |   -1.75607949e-10 -1.47975562e-15  9.17137561e-16  2.31224719e-05 |                        |
|         |          -2.18735909e-06 -1.51174068e-08  1.00930230e-09]]        |                        |
| Parent6 | [[ 0.00000000e+00 -1.51186399e-12 -2.04995554e-13  4.62010753e-11 |   1042482499497.7169   |
|         |   -1.92494943e-10 -1.63339192e-15  9.50309649e-16  2.53562313e-05 |                        |
|         |          -1.97566450e-06 -1.76165458e-08  9.85965287e-10]]        |                        |
| Parent7 | [[ 0.00000000e+00 -1.57871667e-12 -2.14234102e-13  4.27400442e-11 |   1064036468321.0181   |
|         |   -1.72008143e-10 -1.61528183e-15  9.17663243e-16  2.31224719e-05 |                        |
|         |          -2.04383495e-06 -1.67675829e-08  1.01601182e-09]]        |                        |
| Parent8 | [[ 0.00000000e+00 -1.44399329e-12 -2.13870013e-13  4.27400442e-11 |   1085620673747.7028   |
|         |   -1.64185343e-10 -1.60229929e-15  8.47630052e-16  2.34777966e-05 |                        |
|         |          -2.13229192e-06 -1.76051919e-08  1.06650728e-09]]        |                        |
| Parent9 | [[ 0.00000000e+00 -1.65244473e-12 -2.48616604e-13  5.18702094e-11 |   1469907563064.5674   |
|         |   -1.80258960e-10 -1.52196927e-15  9.22449769e-16  2.30835524e-05 |                        |
|         |          -2.03647222e-06 -1.63824857e-08  9.58306283e-10]]        |                        |
+---------+-------------------------------------------------------------------+------------------------+
+------+---------------+-------------------------+-------------------------------------------------------------------+
| s.no |    Parents    |    Crossover values     |                           Children gen                            |
+------+---------------+-------------------------+-------------------------------------------------------------------+
| Chl0 | [['P4' 'P1']] | [[ 3.  4.  5.  6. 10.]] | [[ 0.00000000e+00 -1.56505419e-12 -1.86739741e-13  5.07168606e-11 |
|      |               |                         |   -1.76138016e-10 -1.66108276e-15  8.52944060e-16  2.16321294e-05 |
|      |               |                         |          -1.74274358e-06 -1.50968128e-08  9.59137336e-10]]        |
| Chl1 | [['P4' 'P1']] | [[ 3.  4.  5.  6. 10.]] | [[ 0.00000000e+00 -1.54638186e-12 -2.33421823e-13  4.38965984e-11 |
|      |               |                         |   -1.95072486e-10 -1.53791685e-15  9.31037662e-16  2.42739280e-05 |
|      |               |                         |          -2.04268860e-06 -1.53510570e-08  8.61420090e-10]]        |
| Chl2 | [['P5' 'P2']] |   [[0. 3. 4. 8. 9.]]    | [[ 0.00000000e+00 -1.60869446e-12 -2.15601438e-13  4.65044936e-11 |
|      |               |                         |   -1.77609412e-10 -1.47975562e-15  9.17137561e-16  2.31224719e-05 |
|      |               |                         |          -1.89074698e-06 -1.42739834e-08  1.00930230e-09]]        |
| Chl3 | [['P5' 'P2']] |   [[0. 3. 4. 8. 9.]]    | [[ 0.00000000e+00 -1.54681571e-12 -2.14234102e-13  4.82818951e-11 |
|      |               |                         |   -1.75607949e-10 -1.52316834e-15  9.44571965e-16  2.31224719e-05 |
|      |               |                         |          -2.18735909e-06 -1.51174068e-08  8.64586176e-10]]        |
| Chl4 | [['P3' 'P5']] | [[ 1.  2.  4.  7. 10.]] | [[ 0.00000000e+00 -1.60869446e-12 -2.15601438e-13  4.95323437e-11 |
|      |               |                         |   -1.75607949e-10 -1.77154752e-15  8.88625502e-16  2.31224719e-05 |
|      |               |                         |          -2.07621975e-06 -1.53551500e-08  1.00930230e-09]]        |
| Chl5 | [['P3' 'P5']] | [[ 1.  2.  4.  7. 10.]] | [[ 0.00000000e+00 -1.60277377e-12 -2.32571886e-13  4.82818951e-11 |
|      |               |                         |   -1.89633309e-10 -1.47975562e-15  9.17137561e-16  2.30896580e-05 |
|      |               |                         |          -2.18735909e-06 -1.51174068e-08  9.98214034e-10]]        |
| Chl6 | [['P2' 'P3']] |   [[3. 4. 5. 7. 9.]]    | [[ 0.00000000e+00 -1.54681571e-12 -2.14234102e-13  4.95323437e-11 |
|      |               |                         |   -1.89633309e-10 -1.77154752e-15  9.44571965e-16  2.30896580e-05 |
|      |               |                         |          -1.89074698e-06 -1.53551500e-08  8.64586176e-10]]        |
| Chl7 | [['P2' 'P3']] |   [[3. 4. 5. 7. 9.]]    | [[ 0.00000000e+00 -1.60277377e-12 -2.32571886e-13  4.65044936e-11 |
|      |               |                         |   -1.77609412e-10 -1.52316834e-15  8.88625502e-16  2.31224719e-05 |
|      |               |                         |          -2.07621975e-06 -1.42739834e-08  9.98214034e-10]]        |
| Chl8 | [['P4' 'P1']] |   [[1. 3. 6. 7. 8.]]    | [[ 0.00000000e+00 -1.54638186e-12 -1.86739741e-13  5.07168606e-11 |
|      |               |                         |   -1.95072486e-10 -1.53791685e-15  8.52944060e-16  2.42739280e-05 |
|      |               |                         |          -2.04268860e-06 -1.50968128e-08  8.61420090e-10]]        |
| Chl9 | [['P4' 'P1']] |   [[1. 3. 6. 7. 8.]]    | [[ 0.00000000e+00 -1.56505419e-12 -2.33421823e-13  4.38965984e-11 |
|      |               |                         |   -1.76138016e-10 -1.66108276e-15  9.31037662e-16  2.16321294e-05 |
|      |               |                         |          -1.74274358e-06 -1.53510570e-08  9.59137336e-10]]        |
+------+---------------+-------------------------+-------------------------------------------------------------------+
+------+-------------------------------------------------------------------+------------------------------+
| s.no |                         Mutated Children                          | Mutated Children main Errors |
+------+-------------------------------------------------------------------+------------------------------+
| Mut0 | [[ 0.00000000e+00 -1.65019343e-12 -2.00936500e-13  5.40919762e-11 |      6247316192523.424       |
|      |   -1.65524898e-10 -1.67059108e-15  8.18648456e-16  2.17543883e-05 |                              |
|      |          -1.85376932e-06 -1.54463578e-08  9.59137336e-10]]        |                              |
| Mut1 | [[ 0.00000000e+00 -1.40697298e-12 -2.12759350e-13  4.76579831e-11 |      28251675076085.508      |
|      |   -1.97983706e-10 -1.39067747e-15  9.31037662e-16  2.29963301e-05 |                              |
|      |          -2.05870322e-06 -1.50347340e-08  8.36826037e-10]]        |                              |
| Mut2 | [[ 0.00000000e+00 -1.76510368e-12 -2.31574711e-13  5.06114837e-11 |      53987207790228.945      |
|      |   -1.77609412e-10 -1.35884123e-15  9.17137561e-16  2.38275178e-05 |                              |
|      |          -1.94707124e-06 -1.42408230e-08  1.06664818e-09]]        |                              |
| Mut3 | [[ 0.00000000e+00 -1.66001692e-12 -2.24089965e-13  4.82818951e-11 |      21618553182817.848      |
|      |   -1.67381128e-10 -1.46396722e-15  1.02494761e-15  2.31224719e-05 |                              |
|      |          -2.29315611e-06 -1.41016553e-08  9.35652081e-10]]        |                              |
| Mut4 | [[ 0.00000000e+00 -1.53657142e-12 -2.25317289e-13  4.74936730e-11 |      2071273590634.5942      |
|      |   -1.74590841e-10 -1.80008513e-15  9.28981000e-16  2.39002435e-05 |                              |
|      |          -2.16872017e-06 -1.39302372e-08  9.58026096e-10]]        |                              |
| Mut5 | [[ 0.00000000e+00 -1.55383544e-12 -2.36651387e-13  5.11419877e-11 |      8147926699640.712       |
|      |   -1.98449067e-10 -1.33516459e-15  8.57818590e-16  2.11181267e-05 |                              |
|      |          -2.10080565e-06 -1.59603717e-08  1.08191766e-09]]        |                              |
| Mut6 | [[ 0.00000000e+00 -1.58486809e-12 -2.08305664e-13  5.20806805e-11 |      25169445719610.66       |
|      |   -1.86916927e-10 -1.67778822e-15  9.75780230e-16  2.10954753e-05 |                              |
|      |          -1.99445213e-06 -1.62671932e-08  8.64586176e-10]]        |                              |
| Mut7 | [[ 0.00000000e+00 -1.64638926e-12 -2.32571886e-13  5.09106886e-11 |      37385488364992.95       |
|      |   -1.95110059e-10 -1.52316834e-15  8.88625502e-16  2.37663093e-05 |                              |
|      |          -1.90467178e-06 -1.42739834e-08  1.02345691e-09]]        |                              |
| Mut8 | [[ 0.00000000e+00 -1.59941095e-12 -1.86739741e-13  5.28902844e-11 |      26041668128711.91       |
|      |   -2.02432688e-10 -1.63546601e-15  7.95743587e-16  2.22942231e-05 |                              |
|      |          -2.08351448e-06 -1.47586776e-08  8.58196758e-10]]        |                              |
| Mut9 | [[ 0.00000000e+00 -1.56677000e-12 -2.18887436e-13  4.28576096e-11 |      30747625512590.785      |
|      |   -1.63238014e-10 -1.59882074e-15  8.87101846e-16  2.10360889e-05 |                              |
|      |          -1.82267212e-06 -1.58085254e-08  1.03180994e-09]]        |                              |
+------+-------------------------------------------------------------------+------------------------------+

as the error is not improving changing the mutate index.